4 0.4112064390625 0.659584834375 0.4181602015625 0.6655266890625 0.4187822859375 0.6797458453125 0.418837171875 0.687841803125 0.42505095 0.6864302515625 0.43084647656249997 0.6918536046875 0.43062203437499996 0.68535948125 0.42289926875 0.6809598703125 0.4228818859375 0.669631896875 0.421021725 0.6585273734375 0.4159150171875 0.6551935640625 0.407465509375 0.6519357234375 0.4112064390625 0.659584834375
4 0.5368411484375 0.4575458890625 0.53455468125 0.4763332875 0.5327001953125 0.49678100937499997 0.5297541375 0.5045812671875 0.5228600265625001 0.5095669140625 0.522868925 0.515231246875 0.529509021875 0.51264773125 0.5351561578124999 0.5051123796875 0.5374552453125 0.4948214125 0.5401595484375 0.469198409375 0.5413337 0.4523247828125 0.549572778125 0.4446547234375 0.5462916 0.44269919375000005 0.5415407578125 0.4474909328125 0.5422632890625 0.4435170171875 0.539389075 0.4420205515625 0.5385397421875 0.44719587968749996 0.533040084375 0.43896922812500005 0.5301742843749999 0.4431370515625 0.5357162109375 0.4509632296875 0.5368411484375 0.4575458890625
4 0.6759796296875 0.4177349625 0.6583570437499999 0.41519375312499995 0.6505498125 0.41159443281249997 0.6451098015625 0.4142952828125 0.6420749359375 0.4200649875 0.641272146875 0.42767134218749997 0.64380885 0.43237032343750004 0.6444801484375 0.42313319375 0.64691500625 0.41730449687500004 0.6836643375 0.42536718906250004 0.691104415625 0.441065928125 0.6946505484375 0.43332401093749995 0.6882925890625 0.42460900468749996 0.6924523265625 0.4254226046875 0.6929593875 0.42061825468749997 0.6884573796875 0.42017562656249996 0.695778225 0.4140187125 0.6959430156249999 0.4095853328125 0.6839558593749999 0.41973304687499996 0.6759796296875 0.4177349625
2 0.6283154453125 0.3924186765625 0.6319122578124999 0.389940578125 0.63378454375 0.3808215265625 0.6333404265625 0.370664821875 0.6298614421875001 0.3662778203125 0.6236857234375 0.364456759375 0.6177010796875 0.3751946265625 0.6116628015625001 0.3854252234375 0.6142475375 0.386486959375 0.6123827390625001 0.39045754375 0.6162263703125 0.392039359375 0.6209481218749999 0.39614391718749997 0.6283154453125 0.3924186765625
2 0.610307478125 0.473977628125 0.6092421890625 0.478322471875 0.6117451093749999 0.48908556406250003 0.6133939390625 0.5021924421875 0.6090366 0.511876421875 0.608977934375 0.5296689765625 0.60941356875 0.5341620421875 0.6152752625 0.49873642656249995 0.614534859375 0.4913823234375 0.6130169703125 0.4799068234375 0.6147583187500001 0.4691563921875 0.6175686765624999 0.4568932125 0.617986996875 0.45005765625 0.60969289375 0.43670205624999997 0.6047091953125 0.4293353875 0.6046495453125 0.4184078859375 0.6067331640625 0.40728647812499996 0.6112976265625 0.3927680015625 0.6123827390625001 0.39045754375 0.6094725546875 0.3892598828125 0.6052237578125 0.40147461875 0.6005837281249999 0.42245772343750004 0.601149953125 0.4285808234375 0.6092280984375 0.44110594062499997 0.6155479984375 0.4530535609375 0.614360671875 0.46143136093750003 0.610307478125 0.473977628125
2 0.5422159515625 0.3778861375 0.5297508234375 0.3839419046875 0.5151471890625 0.3930231203125 0.5026018015625 0.40271132187500003 0.49284658437499995 0.41469698125 0.48618539375000003 0.4318403875 0.4757633078125 0.4645092296875 0.47085236718749995 0.47656654062500003 0.46191697343750004 0.49227247656250006 0.45140543749999995 0.5142961578125 0.44743257031250006 0.523209340625 0.4415535609375 0.547306334375 0.4352350609375 0.5640794640625 0.426679925 0.5761824546875001 0.41522141875 0.59568593125 0.4085137578125 0.6103976671875 0.40514979687499997 0.6250341765625 0.406520278125 0.6522710265625 0.41093131875 0.64782689375 0.4089312515625 0.6294273046875001 0.4106256390625 0.6162451531250001 0.41810286249999995 0.5999905734375 0.425495065625 0.5845368890625 0.431615409375 0.5782619437500001 0.43936030625000005 0.5623432171875 0.44503176875 0.5430800234375 0.45104605781249996 0.5234452578125001 0.45801145937500004 0.5091634875 0.4672849171875 0.4902544375 0.47390390625 0.47351085 0.48090688125 0.45599642031250004 0.48936016875000005 0.43336574843750003 0.49396682968750005 0.41844744843750004 0.5028642328124999 0.4059734796875 0.5156673578125 0.39671524375 0.5281700593750001 0.3874268140625 0.5421356937499999 0.3815185734375 0.5548632546875 0.378724965625 0.575013090625 0.38030142499999997 0.582178046875 0.384242225 0.5908810843750001 0.3850978875 0.6046021578125 0.387255509375 0.6094725546875 0.3892598828125 0.6095773734375001 0.38895854218750003 0.6116628015625001 0.3854252234375 0.6042086515625 0.3823632703125 0.5882604 0.3811992453125 0.5788681296875 0.3782533421875 0.5633465453125 0.375918696875 0.5555857843750001 0.37475105000000003 0.5422159515625 0.3778861375
2 0.524448965625 0.5146252140625001 0.5218327953124999 0.5106791421875 0.5075206828125001 0.5141262140625 0.5043752984375 0.5148691453125 0.5126471109375 0.5164325203125 0.5192202203125 0.515324359375 0.524448965625 0.5146252140625001
2 0.552533746875 0.547320284375 0.5590649796875 0.55726555 0.5668092703125 0.5758259265625 0.5759231265625 0.5929024515625 0.5822050359375 0.6080820390625 0.5878910765625001 0.626035428125 0.5922161015625 0.6511356593750001 0.5909532078125 0.6659780843750001 0.5884179031250001 0.6899998515625 0.5860849609375001 0.7063555781249999 0.583490075 0.7194491953125 0.5787524078125 0.732736765625 0.5733297796875 0.746765590625 0.5676784390625 0.751468796875 0.550356409375 0.7489564796875 0.5206025515625 0.7464357734375 0.51094778125 0.7402283625 0.504628434375 0.7282801375 0.49671928750000005 0.7141537875 0.49326939375 0.7008704890625 0.4847471296875 0.6781886703125 0.4788116984375 0.6654702515625 0.47463085781250003 0.6504965796875 0.4739011984375 0.64013453125 0.47180387812499996 0.640388675 0.47205316406250003 0.6433185890625001 0.47357947031250003 0.6604583765625 0.4780983734375 0.6722289296875 0.4839872640625 0.682516325 0.49191379375000005 0.707970646875 0.49669043437499993 0.7201711640624999 0.4994394203125 0.728602828125 0.5061437921875 0.739779653125 0.5158027671875 0.748819209375 0.5713239546875 0.7542779265624999 0.5762859921875 0.7474851296875 0.5824734859375 0.72908126875 0.588187703125 0.7094176546875001 0.5947968125 0.65828968125 0.5932699546875 0.6411504953125 0.5895539078125 0.62177294375 0.5813315796875 0.5991212671875 0.560380778125 0.5505424984375 0.5405996156249999 0.5311082171875 0.5230489406250001 0.519269634375 0.51481490625 0.516842234375 0.5126471109375 0.5164325203125 0.5025493671875 0.5181348984375 0.501647375 0.5187513312500001 0.5077776265625 0.5174357046875 0.5188018984375 0.5221599140625 0.52982616875 0.5268841234375 0.5400850890625 0.5359833187499999 0.552533746875 0.547320284375
2 0.41457933281250003 0.6276269906249999 0.42256032499999996 0.6324566171875 0.43327982968749995 0.6343197875000001 0.44056689374999997 0.63422698125 0.4510328671875 0.6384923296875 0.46561217343749994 0.6411389578125 0.47180387812499996 0.640388675 0.47141863749999996 0.63586088125 0.4608059546875 0.637834690625 0.4463538671875 0.6339873468749999 0.4183921046875 0.6259793765625 0.40351755625 0.6261347953125 0.4047222671875 0.62908496875 0.41457933281250003 0.6276269906249999
2 0.48534187656250005 0.5346460421875 0.4873959765625 0.5323548328125 0.4898624 0.524302909375 0.48769244218749996 0.526739365625 0.48033829531250005 0.5389604359375 0.473761571875 0.5553035515625 0.4687698875 0.57099325 0.46532146093750004 0.586430053125 0.465043046875 0.6005606718750001 0.46921968124999996 0.6127022 0.4706995796875 0.627409665625 0.47141863749999996 0.63586088125 0.4735720625 0.635460375 0.47305331875 0.628093578125 0.47234718437499995 0.6146754140625 0.468364434375 0.5892042078124999 0.471808653125 0.5709352609375 0.480599515625 0.5451014234375 0.48534187656250005 0.5346460421875
2 0.4840426671875 0.5555765953125 0.4890253828125 0.534223209375 0.49373841562500004 0.5252802625 0.4873959765625 0.5323548328125 0.48463102031250005 0.5413813546874999 0.48136427968750006 0.5637127046875 0.47947594374999997 0.590225184375 0.479534075 0.6069110875 0.47750589843749996 0.6261278515625001 0.4750335359375 0.6351885609375 0.4735720625 0.635460375 0.4739011984375 0.64013453125 0.47482647812499995 0.640022409375 0.47927304375 0.632369678125 0.4814792546875 0.6172147171875 0.4829492015625 0.597538440625 0.48220080468750004 0.584520746875 0.4840426671875 0.5555765953125
2 0.6039760796875 0.6603817796875 0.602149215625 0.6432131 0.5974946125 0.6269796249999999 0.5924978078125 0.6111164765625 0.5912756453125 0.5968389796875 0.5913808546875 0.5814774515625001 0.592094903125 0.571839896875 0.5952945609375 0.5616368140625 0.6060257734375 0.5432757109375 0.6168546953125 0.5326094968749999 0.6214238515625 0.5209232109374999 0.6254812546874999 0.511209084375 0.6297598546875001 0.4993991390625 0.633720034375 0.4819901765625 0.6361839125000001 0.46726582812500006 0.64100190625 0.450345171875 0.6448750875 0.43376051562500006 0.64160736875 0.42737181093750004 0.6370598703125 0.45321756406249997 0.6320306125 0.47213992656250003 0.6295244656250001 0.4872647453125 0.6253070328125 0.5042437890625 0.6195838499999999 0.5182437203125 0.6127029140625 0.5317251953125 0.60345903125 0.54173799375 0.5961048859375 0.5539590640625 0.5895239546875 0.5674700374999999 0.5800936234375 0.5677567484375 0.5805711062500001 0.5718486453125 0.5884163984375 0.57221535 0.588091509375 0.5839142984375 0.5878215796874999 0.60370855625 0.590455440625 0.6161030296875001 0.594463075 0.629845790625 0.5989064140625 0.6480809703125 0.6005833 0.658049996875 0.5919657796875 0.685113446875 0.588174596875 0.700921178125 0.5822073359375 0.722987015625 0.577257846875 0.7382768937499999 0.5742614421875001 0.743774328125 0.57769651875 0.74255093125 0.59254336875 0.696877515625 0.600780628125 0.6734170078124999 0.6039760796875 0.6603817796875
2 0.48486068437499996 0.6684920765625 0.4800666609375 0.6449635859375 0.48304187656249997 0.628266378125 0.4844569359375 0.6004941421875001 0.4847305890625 0.5835319812499999 0.4818056234375 0.576772346875 0.4718551265625 0.573366934375 0.4637520984375 0.5725702625 0.4531678046875 0.575169965625 0.44751646406249995 0.5798731734375 0.4413581265625 0.5893800828125 0.43931719375 0.6001017140625 0.4382228140625 0.613342859375 0.4366081984375 0.6228925249999999 0.43560304375000003 0.63816491875 0.43519369062499996 0.6506641609375 0.4365425171875 0.6637415421874999 0.4428535171875 0.67002483125 0.4471015078125 0.6728695859375 0.4510119203125 0.678917509375 0.4565111625 0.6871434640625 0.47042703125 0.704692109375 0.47799390624999993 0.7191894359375001 0.48507432968749997 0.7239311765625 0.4931435765625 0.73079195625 0.503969690625 0.746014346875 0.5148291703125001 0.7551719359375 0.5216936375000001 0.759083190625 0.53048169375 0.7591379593750001 0.5441938000000001 0.7556318953125001 0.5582857390625 0.753173115625 0.5523000421875001 0.7515958328125001 0.5580759859375 0.7495387421874999 0.5392054078124999 0.7454330359375 0.5150986171875 0.7353776296875 0.50354569375 0.7212976578125 0.4958901453125 0.70476848125 0.48878378749999996 0.68303578125 0.48486068437499996 0.6684920765625
0 0.6984375 0.4421875 0.7125 0.45 0.721875 0.4609375 0.7234375 0.4796875 0.7203125 0.4875 0.715625 0.490625 0.7109375 0.490625 0.7 0.484375 0.6953125 0.4734375 0.69375 0.4609375 0.69375 0.446875 0.696875 0.44375
0 0.571875 0.421875 0.5734375 0.4234375 0.5796875 0.421875 0.5828125 0.425 0.5875 0.425 0.5921875 0.434375 0.5875 0.4390625 0.5875 0.4421875 0.578125 0.44375 0.5515625 0.4421875 0.55625 0.43125 0.5703125 0.421875
0 0.534375 0.4265625 0.5375 0.425 0.540625 0.41875 0.546875 0.4234375 0.5453125 0.4375 0.5421875 0.4421875 0.5390625 0.440625 0.534375 0.428125
0 0.51875 0.4296875 0.5234375 0.434375 0.521875 0.4375 0.5140625 0.440625 0.5 0.4515625 0.4921875 0.4515625 0.490625 0.4484375 0.49375 0.4359375 0.5078125 0.428125 0.5171875 0.4296875
0 0.4171875 0.69375 0.421875 0.6921875 0.4234375 0.6953125 0.4265625 0.7125 0.425 0.7203125 0.4171875 0.728125 0.4140625 0.7265625 0.4078125 0.73125 0.3953125 0.728125 0.39375 0.725 0.3953125 0.7203125 0.39375 0.715625 0.3984375 0.7109375 0.4 0.7046875 0.4171875 0.6953125
0 0.43125 0.690625 0.4625 0.69375 0.46875 0.7015625 0.465625 0.70625 0.4546875 0.7078125 0.4453125 0.703125 0.440625 0.703125 0.43125 0.6921875
0 0.7078125 0.3703125 0.7109375 0.36875 0.7109375 0.3625 0.715625 0.359375 0.71875 0.365625 0.71875 0.3796875 0.7140625 0.390625 0.7140625 0.396875 0.7125 0.4015625 0.70625 0.4078125 0.6984375 0.409375 0.7015625 0.403125 0.703125 0.3796875 0.7078125 0.371875