4 0.517214221875 0.3265833984375 0.50555375625 0.3243202515625 0.49422512812499997 0.32583664843750004 0.4794627046875 0.3312215375 0.4723047828125 0.33330037031250004 0.4668263125 0.3304668609375 0.470412890625 0.34289980937500003 0.4738045421875 0.34090939531250003 0.4818691984375 0.33575168906249997 0.48780994218749996 0.33203340625 0.503768803125 0.32922678125 0.513354621875 0.3307388375 0.521156128125 0.3371579484375 0.5241653890625 0.3335779390625 0.517214221875 0.3265833984375
4 0.517514196875 0.4418994578125 0.510384796875 0.44272658906249995 0.502590409375 0.43599503906250003 0.5004308484375 0.43899909062500003 0.5073820046875 0.44599411875 0.499353003125 0.44958719843750006 0.504747365625 0.45147612031250006 0.5128198015625001 0.446005525 0.531688115625 0.443998875 0.5455444468749999 0.441693384375 0.5537270515625 0.4497015234375 0.5637095140625 0.452177809375 0.5633990671875 0.4474594859375 0.553530675 0.43997737187499997 0.5477610421875 0.4361864171875 0.531377659375 0.4392810390625 0.517514196875 0.4418994578125
4 0.6179282796875001 0.69008525 0.6324625453125 0.6947129984375 0.6453550984375 0.697989784375 0.6549694296874999 0.698250625 0.660124653125 0.69229196875 0.65686133125 0.6886506984375 0.65088493125 0.6939336078125 0.6363364046875 0.6899317109374999 0.6051361843749999 0.6824285234375 0.5921542671875 0.6716274328125 0.5902266468749999 0.675898740625 0.5955639859375 0.680290090625 0.5905584828125 0.6796782859375 0.5892414875 0.6824193046875 0.5946501125 0.6836823765625 0.5895875859374999 0.685573 0.59329034375 0.688300459375 0.6050221046875001 0.6874348421875001 0.6179282796875001 0.69008525
4 0.5327193703125 0.49795005000000003 0.53981378125 0.4986871 0.5407632953125 0.49373067343750004 0.535368271875 0.49184219999999995 0.535043565625 0.4877497296875 0.5308022171875 0.4903160984375 0.5262069859375 0.4900416609375 0.5282103484375 0.49392103593750003 0.5247687828125 0.4981019265625 0.525483021875 0.503470578125 0.5327193703125 0.49795005000000003
4 0.4259480671875 0.484367303125 0.4198394671875 0.4771097328125 0.4168366859375 0.480376775 0.4188685703125 0.4830044453125 0.41049993906250004 0.48313135156250003 0.4133523484375 0.48643473125 0.4204324953125 0.48779762968749996 0.4148521109375 0.49404375468749995 0.4156376328125 0.49628412656250004 0.4248702234375 0.49495541249999997 0.4259480671875 0.484367303125
2 0.6186622671875 0.3672625609375 0.6310940046875 0.3723914453125 0.6408768421875 0.383628178125 0.6518988968749999 0.39556562500000003 0.6692855718749999 0.4034967515625 0.682771153125 0.41746143281250003 0.6900762015625 0.427296784375 0.696020809375 0.44175115312499996 0.7006555624999999 0.45863313124999994 0.702359471875 0.47565390937499996 0.6992426125 0.48392727031250005 0.69654380625 0.4922251109375 0.6876223109375 0.49827218906250004 0.684031025 0.5090235375 0.6837458437499999 0.52153860625 0.67759833125 0.5343307484375 0.66655940625 0.541504284375 0.655577528125 0.5461744140625 0.649579746875 0.5523956125 0.63314645 0.557680715625 0.6218677234375 0.557007121875 0.6092663671875 0.5550011328125 0.5937184203125 0.5581456499999999 0.57899813125 0.5616529484375 0.5646822734375 0.5658111031249999 0.5529362515625 0.567302571875 0.5389302 0.5761785234375 0.5275166546875 0.5814500640625 0.5120257546875 0.582091178125 0.5003581484375 0.58014144375 0.48660876562500005 0.5777535406250001 0.4769730421875 0.5784314765625 0.47054444999999995 0.58086721875 0.45755272812500003 0.581970940625 0.4395762453125 0.58152404375 0.422414459375 0.5820658546875 0.40338930624999997 0.5909554046875 0.3784940515625 0.6004344296874999 0.35913705 0.6055449187499999 0.337761784375 0.6074013609375 0.31767565468750003 0.6077680375 0.3052445578125 0.6026396796875 0.29500803593749997 0.59294211875 0.28810678125 0.583757096875 0.284229040625 0.5703667078125 0.2800803765625 0.5688655359375 0.2831298015625 0.5818935921875 0.28795705 0.5903280453125 0.299403628125 0.6019774921875001 0.3105391140625 0.6089085828125 0.3294103515625 0.61003561875 0.3511744984375 0.6094553171875 0.3780646828125 0.6041685140624999 0.407583028125 0.5937126734375 0.4278688046875 0.5845845734374999 0.444209403125 0.5833675031250001 0.4592258765625 0.5852043765625 0.47645895937500005 0.5815337984375 0.493687846875 0.5813093453125 0.5032529140625 0.5837607031250001 0.5199616546875 0.5847585890625 0.5359269921875 0.5816389984375 0.5491047375 0.5724002296874999 0.5600795 0.5680425359375 0.5722571750000001 0.5659501437500001 0.5890871234375 0.5616287843750001 0.601711365625 0.5583096578125 0.6167421015625 0.5595206796875 0.63051935625 0.56065684375 0.646492475 0.55722436875 0.658805621875 0.549186878125 0.6697732421875 0.5451425984375 0.6821939859375 0.532411753125 0.6867561703125 0.515765690625 0.6925426734375 0.5004456625 0.7024421953125 0.4881909484375 0.7045551015625 0.46889228593750004 0.7016696578125 0.44866791875 0.6909833484375 0.4220249640625 0.6688971171875 0.40002717656250003 0.648707284375 0.38660264375 0.6393353734375 0.3757033125 0.62490739375 0.3663826171875 0.6101475890625 0.3532818890625 0.5957844359375 0.34114490468750003 0.579486609375 0.3404849125 0.563066934375 0.345143634375 0.548504146875 0.3417675859375 0.526357703125 0.3354318140625 0.523519046875 0.3390220109375 0.53516525 0.341911009375 0.548864078125 0.346488865625 0.5617987640625 0.3478880578125 0.5760796312500001 0.3452940828125 0.5903462265625 0.34332644375 0.601503740625 0.34931928125 0.611264534375 0.3614947546875 0.6186622671875 0.3672625609375
2 0.6921320734374999 0.4105010359375 0.6870864171875 0.3932806796875 0.6748186515625 0.3809559734375 0.6623797828125 0.376140015625 0.6423513390625 0.3740038140625 0.62644239375 0.3746199609375 0.615489025 0.37803887812500003 0.606595403125 0.3828342125 0.601008534375 0.389393303125 0.6062816984375 0.39660098125 0.6154118515625 0.4181383515625 0.6164151437500001 0.42916410312500003 0.6087750125 0.4340338109375 0.5977652499999999 0.4399561703125 0.5851837921875 0.44139774374999996 0.5742660765625 0.4432520359375 0.562987353125 0.4425784421875 0.5410125796874999 0.43405994999999997 0.5149818203125001 0.41997323125 0.484059009375 0.40026737343749996 0.4695803328125 0.3856171671875 0.45886289218750004 0.3787110484375 0.4488447796875 0.3777993890625 0.43590231093750004 0.3767130828125 0.4209927859375 0.3701828125 0.40558742968750006 0.36706979687499997 0.39047826875 0.36930046562499996 0.37834336562500004 0.36951579375 0.362448671875 0.369506578125 0.3480751296875 0.376167609375 0.33585468125 0.380137065625 0.314408109375 0.3851227625 0.30064511718750003 0.38336075 0.3014235203125 0.385913559375 0.3181251296875 0.38722437187500003 0.33619364687500003 0.3836036859375 0.347982440625 0.380235153125 0.3610953828125 0.373811696875 0.377443765625 0.3722817390625 0.39712611249999996 0.3712642484375 0.41178871875 0.3702598265625 0.4279588546875 0.37655203125000003 0.4425145125 0.380241003125 0.4570993328125 0.3826788015625 0.4641645796875 0.3846670234375 0.4793132546875 0.3990443796875 0.4990643 0.41338276250000006 0.517194375 0.42543136718749996 0.53550833125 0.433731221875 0.556194621875 0.44373951875 0.5682653609375 0.446340034375 0.5833459999999999 0.44536106562500005 0.5917787953125 0.44241831718749997 0.5996943796875 0.44383110937500003 0.6052242109375 0.4397749359375 0.618790840625 0.43181230625 0.6210074359375 0.4263053421875 0.6163227890625 0.4116128671875 0.6119777515625 0.40038753906249996 0.6059261828125 0.3906270515625 0.6140692750000001 0.382027165625 0.63133086875 0.37710537187500004 0.6476507390624999 0.37682662968749997 0.6630560828125 0.379940134375 0.67794758125 0.38834894375 0.6864626734375 0.40013666875 0.6886338890625 0.414991896875 0.6937437203125 0.429395925 0.6904914015625 0.44361389375 0.6832407921875 0.44976027187499995 0.6693416765625 0.45394331406250005 0.6442286640625 0.45463647500000004 0.63041575625 0.4550649375 0.614132190625 0.45377909218749996 0.600368546875 0.4520170421875 0.584142015625 0.4482282796875 0.566562184375 0.44874512656250004 0.5656835499999999 0.45276572968749995 0.573266659375 0.45039844999999995 0.5882831328125 0.4522353234375 0.6157520843750001 0.45826226718749996 0.62663415625 0.45797211718749997 0.6387839625 0.457131465625 0.66054745625 0.4565511265625 0.67812014375 0.45634769375 0.6916439984375 0.45026213125 0.69704875 0.43335303593749996 0.6921320734374999 0.4105010359375
2 0.7267790125 0.5798778578125 0.719834975 0.57257039375 0.7086631984375 0.5672034046875 0.6962671031250001 0.5605103812500001 0.6837575890625 0.558823228125 0.6640817125 0.55952824375 0.6514646015625 0.562534446875 0.6358810125 0.5672431046875 0.624049425 0.5724896796875 0.6088689671874999 0.5778491140625001 0.6020713921875 0.582456278125 0.6019145406249999 0.5893396640625 0.5982804828125 0.6019680796875 0.5959569265625 0.6121689265625 0.5891308390625001 0.6180273078125 0.574367775 0.62341166875 0.5630255265625 0.62555444375 0.548073215625 0.620901728125 0.53909730625 0.610966103125 0.5295557625 0.6031901546875 0.51799510625 0.596547025 0.50685898125 0.5896154109375 0.498222678125 0.5831469312500001 0.48493411249999996 0.5789069312499999 0.4690822 0.5770201625 0.4560762203125 0.5787497359375 0.4414557453125 0.577876565625 0.43506908437499997 0.582821621875 0.4336944046875 0.58806551875 0.42689748125 0.5926727203125 0.42385191562499996 0.597817315625 0.42201706093749997 0.6049138375 0.42274554999999997 0.6096571265625 0.4113177546875 0.6155540296875001 0.4121246796875 0.6168551390625 0.423934865625 0.6125478281250001 0.4273835609375 0.6080540125 0.42586954062500004 0.6010708390625 0.4365403234375 0.591682346875 0.44093853593750004 0.5822321046875001 0.4535128640625 0.581103453125 0.4639840234375 0.5804754140624999 0.471531478125 0.5796727609375 0.489011478125 0.58353686875 0.5076302546875 0.592481146875 0.5273812890625 0.6068200171875 0.5425734 0.6193198609375 0.5611921609375 0.628264625 0.5720813671875 0.6276615484375 0.589761003125 0.622764721875 0.59742966875 0.6166428234375 0.6014169546875 0.606855178125 0.604215578125 0.59417686875 0.605689434375 0.584551978125 0.6205095328125 0.5766647 0.6365610796875 0.56979053125 0.6538511953125 0.563617034375 0.6703016796875 0.5608397703125 0.6886884234374999 0.5616245203125 0.70325834375 0.564687640625 0.7118661234375 0.572407825 0.7230236375 0.5784006609375 0.72989638125 0.58883689375 0.73840499375 0.600937584375 0.745320509375 0.6094967515625 0.7459919640625 0.61674295625 0.7429114078125 0.6234517296875 0.733536228125 0.631037978125 0.7232970984375 0.639825546875 0.7050432046874999 0.65158131875 0.68892749375 0.6612713296875 0.6803164546875 0.6720362390625 0.668385059375 0.6816627953125 0.658670259375 0.685782384375 0.6608122875 0.6893566890625 0.673716321875 0.68417465 0.6801671484375 0.6764137531250001 0.7015093796875 0.6576363203125 0.73217203125 0.6369092046875 0.743253728125 0.627858603125 0.7501725031250001 0.6179326828125 0.7498899296875 0.6119626203124999 0.7450847109375001 0.60258991875 0.7340697875 0.5903395453125 0.7267790125 0.5798778578125
2 0.340317253125 0.4809766546875 0.33523333593750004 0.48380605625 0.3376968734375 0.4858328046875 0.3444302734375 0.48404197031249996 0.3528131671875 0.4832892109375 0.35987905468750003 0.485277959375 0.358711128125 0.4814484796875 0.34786470937499997 0.48017400156249995 0.340317253125 0.4809766546875
2 0.397454946875 0.4699763640625 0.3997833046875 0.46228310156249997 0.39859695624999997 0.4565724125 0.3932777609375 0.46972689218749997 0.3959946984375 0.47897536562500004 0.3983869296875 0.48413136718749994 0.40582030625 0.4883350328125 0.4136717265625 0.4925636671875 0.4158170390625 0.4901849796875 0.40343520625 0.48286610625000004 0.397454946875 0.4699763640625
0 0.4640625 0.44375 0.471875 0.4515625 0.46875 0.4640625 0.4515625 0.475 0.4375 0.4765625 0.4328125 0.4796875 0.4265625 0.4796875 0.4265625 0.4765625 0.4296875 0.471875 0.43125 0.4609375 0.4375 0.4515625 0.4546875 0.44375 0.4625 0.44375
0 0.4046875 0.465625 0.4109375 0.46875 0.415625 0.4765625 0.409375 0.475 0.4015625 0.478125 0.3921875 0.4765625 0.3875 0.471875 0.3875 0.46875 0.3953125 0.465625 0.403125 0.465625
0 0.3859375 0.4703125 0.3921875 0.4765625 0.3921875 0.4828125 0.3890625 0.4859375 0.3875 0.49375 0.3765625 0.5078125 0.371875 0.50625 0.3625 0.4953125 0.359375 0.484375 0.3640625 0.475 0.3703125 0.4703125 0.375 0.46875 0.384375 0.4703125
0 0.4078125 0.4828125 0.4125 0.4859375 0.4109375 0.4953125 0.4078125 0.4984375 0.40625 0.5109375 0.3953125 0.51875 0.390625 0.51875 0.3828125 0.5109375 0.3828125 0.5015625 0.390625 0.4921875 0.390625 0.4875 0.39375 0.484375 0.40625 0.4828125
0 0.3859375 0.5125 0.3953125 0.5234375 0.4046875 0.528125 0.4125 0.5390625 0.4109375 0.5453125 0.4046875 0.5484375 0.3921875 0.546875 0.3828125 0.5421875 0.3765625 0.5359375 0.375 0.5140625 0.3796875 0.509375 0.384375 0.5125
0 0.590625 0.6859375 0.584375 0.6953125 0.5796875 0.715625 0.575 0.721875 0.565625 0.7265625 0.5578125 0.7234375 0.553125 0.715625 0.5546875 0.703125 0.5625 0.6953125 0.5671875 0.6953125 0.578125 0.6890625 0.5890625 0.6859375
0 0.5703125 0.6734375 0.5828125 0.6734375 0.5890625 0.678125 0.5734375 0.6796875 0.5703125 0.678125 0.5703125 0.675
0 0.571875 0.6375 0.584375 0.65 0.5859375 0.659375 0.590625 0.6671875 0.5875 0.671875 0.578125 0.6703125 0.56875 0.665625 0.5609375 0.659375 0.5546875 0.65 0.553125 0.640625 0.5578125 0.6359375 0.5703125 0.6375
0 0.5 0.4828125 0.51875 0.4859375 0.521875 0.4890625 0.521875 0.4953125 0.509375 0.509375 0.496875 0.5125 0.48125 0.5125 0.4734375 0.509375 0.4703125 0.5046875 0.4703125 0.496875 0.4796875 0.4875 0.4984375 0.4828125
0 0.5734375 0.4890625 0.590625 0.4953125 0.596875 0.5046875 0.596875 0.5109375 0.5921875 0.515625 0.5828125 0.5171875 0.5640625 0.515625 0.5484375 0.5046875 0.5421875 0.496875 0.54375 0.4921875 0.55625 0.4890625 0.5625 0.490625 0.571875 0.4890625
0 0.50625 0.4546875 0.5203125 0.453125 0.528125 0.459375 0.53125 0.465625 0.53125 0.48125 0.5328125 0.4828125 0.5296875 0.4859375 0.5109375 0.4765625 0.50625 0.471875 0.509375 0.4734375 0.5125 0.471875 0.5046875 0.4609375 0.50625 0.45625
0 0.4984375 0.453125 0.503125 0.453125 0.50625 0.45625 0.50625 0.4625 0.5140625 0.471875 0.5171875 0.4796875 0.5140625 0.48125 0.5015625 0.471875 0.4953125 0.4625 0.4953125 0.4578125 0.4984375 0.4546875
0 0.4919791666666667 0.4183969907407407 0.021377314814814773 0.036087962962962905
0 0.471875 0.346875 0.4765625 0.353125 0.4890625 0.3609375 0.490625 0.365625 0.496875 0.371875 0.4984375 0.378125 0.49375 0.38125 0.4828125 0.38125 0.4765625 0.378125 0.4703125 0.3703125 0.465625 0.3578125 0.465625 0.35 0.4703125 0.346875
0 0.409375 0.315625 0.4328125 0.3140625 0.4609375 0.3328125 0.4609375 0.334375 0.43125 0.3328125 0.4140625 0.3265625 0.409375 0.321875 0.409375 0.3171875