1 0.5879629629629629 0.24537037037037038 0.5949074074074074 0.25 0.5995370370370371 0.25 0.6064814814814815 0.2569444444444444 0.6064814814814815 0.25925925925925924 0.6018518518518519 0.25925925925925924 0.5995370370370371 0.26157407407407407 0.5972222222222222 0.25925925925925924 0.5833333333333334 0.25925925925925924 0.5810185185185185 0.2569444444444444 0.5694444444444444 0.25462962962962965 0.5694444444444444 0.24768518518518517 0.5717592592592593 0.24537037037037038 0.5763888888888888 0.24305555555555555 0.5833333333333334 0.24305555555555555 0.5856481481481481 0.24537037037037038
8 0.6342592592592593 0.2199074074074074 0.6435185185185185 0.22685185185185186 0.6435185185185185 0.2337962962962963 0.6388888888888888 0.24305555555555555 0.6319444444444444 0.25 0.6273148148148148 0.25 0.6180555555555556 0.25925925925925924 0.6157407407407407 0.25925925925925924 0.6134259259259259 0.25462962962962965 0.6111111111111112 0.2337962962962963 0.6180555555555556 0.22453703703703703 0.6203703703703703 0.22685185185185186 0.625 0.2222222222222222 0.6319444444444444 0.2222222222222222
9 0.5173611111111112 0.5094135802469135 0.03935185185185185 0.03415637860082305
10 0.4861111111111111 0.5092592592592593 0.48842592592592593 0.5092592592592593 0.48842592592592593 0.5138888888888888 0.4930555555555556 0.5231481481481481 0.4861111111111111 0.5324074074074074 0.4837962962962963 0.5300925925925926 0.48148148148148145 0.5185185185185185 0.4861111111111111 0.5115740740740741
11 0.44907407407407407 0.5069444444444444 0.4513888888888889 0.5092592592592593 0.45601851851851855 0.5092592592592593 0.4583333333333333 0.5069444444444444 0.4675925925925926 0.5115740740740741 0.4699074074074074 0.5092592592592593 0.47685185185185186 0.5092592592592593 0.47685185185185186 0.5115740740740741 0.4722222222222222 0.5138888888888888 0.4722222222222222 0.5185185185185185 0.46064814814814814 0.5277777777777778 0.44907407407407407 0.5277777777777778 0.44675925925925924 0.5254629629629629 0.44212962962962965 0.5277777777777778 0.4398148148148148 0.5254629629629629 0.4375 0.5162037037037037 0.4398148148148148 0.5115740740740741 0.44675925925925924 0.5069444444444444
12 0.32175925925925924 0.5439814814814815 0.3263888888888889 0.5439814814814815 0.3263888888888889 0.5532407407407407 0.32175925925925924 0.5601851851851852 0.32175925925925924 0.5740740740740741 0.3148148148148148 0.5879629629629629 0.3125 0.5902777777777778 0.30787037037037035 0.5902777777777778 0.3101851851851852 0.5625 0.3148148148148148 0.5555555555555556 0.3148148148148148 0.5509259259259259 0.32175925925925924 0.5462962962962963
13 0.3194444444444444 0.46064814814814814 0.3263888888888889 0.4652777777777778 0.3333333333333333 0.47453703703703703 0.3333333333333333 0.4861111111111111 0.33564814814814814 0.48842592592592593 0.3333333333333333 0.4930555555555556 0.33564814814814814 0.5069444444444444 0.3333333333333333 0.5092592592592593 0.33101851851851855 0.5069444444444444 0.3194444444444444 0.5046296296296297 0.31712962962962965 0.5 0.3101851851851852 0.49537037037037035 0.3101851851851852 0.49074074074074076 0.3055555555555556 0.4837962962962963 0.30787037037037035 0.4675925925925926 0.31712962962962965 0.46064814814814814
24 0.6161075208333334 0.29280587037037037 0.6244268726851852 0.2960385162037037 0.620956375 0.28840546064814815 0.6142215231481482 0.28248690972222223 0.6140883217592593 0.2682806412037037 0.6143111296296296 0.2601912175925926 0.6080625277777778 0.2616182939814815 0.6024656064814815 0.2562147361111111 0.6024668981481481 0.26270313657407407 0.6100219537037037 0.26707859490740743 0.6096509027777778 0.27839758564814815 0.6111262708333334 0.28948836574074077 0.6161075208333334 0.29280587037037037
25 0.4948271944444444 0.5050009837962963 0.4895657013888889 0.4971958194444444 0.4886689143518519 0.4906213657407407 0.49159453703703704 0.4718426689814815 0.49414604629629627 0.45140612037037037 0.49735311111111113 0.4436041273148148 0.5044031041666667 0.43860395601851854 0.5045884305555556 0.43294411574074076 0.4978742615740741 0.435543375 0.491981099537037 0.44308789814814814 0.4893341944444444 0.453376900462963 0.48575728240740745 0.4789869236111111 0.4840071643518518 0.4958503819444445 0.4755231041666667 0.5035364490740741 0.4787300648148148 0.505481650462963 0.48363482407407404 0.5006809699074074 0.48277762037037036 0.5046536851851852 0.48559424768518517 0.5061412731481482 0.4866191689814815 0.5009677546296296 0.4918247546296296 0.5091731875 0.4948271944444444 0.5050009837962963
26 0.32827015046296293 0.5389700810185185 0.34057905555555557 0.5287982824074073 0.3484693564814815 0.5307734328703704 0.3659663263888889 0.5332654513888889 0.37363309722222227 0.536841025462963 0.3791538310185185 0.5341277384259259 0.38237988888888885 0.5283544583333333 0.38344171759259255 0.5207519629629629 0.38107166435185186 0.5160634791666667 0.380085125 0.5252951180555555 0.37745574305555557 0.5311257337962962 0.34106311342592593 0.5231678032407407 0.3341775347222222 0.5075013749999999 0.3303737060185185 0.515246675925926 0.33641897685185185 0.5239377824074074 0.3322962199074074 0.5231359606481482 0.3316255439814815 0.5279378819444445 0.3361025393518518 0.5283681041666667 0.3285865856481482 0.5345397615740741 0.32827015046296293 0.5389700810185185
17 0.4072111064814815 0.556288761574074 0.40264039583333333 0.5522000856481482 0.3951614421296296 0.5559421134259259 0.39148751851851854 0.5584278888888888 0.38930666435185185 0.5675447569444445 0.3894015763888889 0.5776922592592593 0.3927225509259259 0.5820664791666667 0.3988223425925926 0.5838695694444445 0.40516207870370374 0.573124150462963 0.4115379351851852 0.5628854606481482 0.4089952476851852 0.5618314814814814 0.4109921087962963 0.5578590393518519 0.4072111064814815 0.556288761574074
17 0.4099799398148148 0.4953208912037037 0.4114519166666667 0.48694652546296296 0.4159264236111111 0.47439930555555554 0.41713835416666667 0.47005503935185183 0.4150099236111111 0.4593071412037037 0.41381408333333336 0.44621502083333336 0.41849393055555556 0.43652701620370365 0.41916250925925924 0.41874834490740737 0.418881875 0.41425999305555555 0.411818375 0.4496733449074074 0.4123050162037037 0.45701966666666666 0.41342613888888885 0.46848204398148147 0.4113200023148148 0.4792286550925926 0.4080953263888889 0.4914896805555556 0.4074435532407407 0.49832096296296297 0.4152616273148148 0.5116438171296296 0.41998186574074076 0.5189913287037037 0.419666724537037 0.5299100486111111 0.4172063449074074 0.5410282546296297 0.4121540671296296 0.5555475 0.4109921087962963 0.5578590393518519 0.41385487268518517 0.559047962962963 0.4185131875 0.5468314907407407 0.4238625138888889 0.5258525185185184 0.42350746296296293 0.5197357662037037 0.4158764004629629 0.5072421643518519 0.4099799398148148 0.4953208912037037
17 0.45942272222222225 0.5722551134259259 0.4671264953703704 0.5734010578703704 0.4805746203703704 0.5702326458333333 0.49322015277777775 0.5641482800925925 0.5081032523148148 0.5550351319444444 0.5209534097222223 0.5453209814814814 0.5310982638888889 0.533318662037037 0.5383326875 0.5161709467592592 0.5498521018518518 0.48349997685185186 0.5551657175925926 0.4714390324074074 0.5646200925925926 0.4557215671296296 0.5758637777777778 0.43368711805555554 0.5801335694444445 0.4247703310185185 0.5868259305555555 0.40067661111111114 0.5937057199074074 0.38389980092592596 0.6026571319444444 0.3717834513888889 0.6147593125 0.3522646851851852 0.6219567361111111 0.33754660185185187 0.6258151805555555 0.32291263425925926 0.6253815393518519 0.29570094444444445 0.6208277592592593 0.3001533819444444 0.6221926087962963 0.31853309722222223 0.6200499537037037 0.3317093842592592 0.6120317523148148 0.3479711574074074 0.6041258472222223 0.3634324421296296 0.5978037245370371 0.3697188194444444 0.5895299537037038 0.38564572453703705 0.5832104166666666 0.40490890046296296 0.5765360601851852 0.4245442777777778 0.5690962060185185 0.43883342592592595 0.5591946828703703 0.4577523865740741 0.5520160717592593 0.4745004814814815 0.5444278912037037 0.4920198402777778 0.5352171481481481 0.5146552893518519 0.5301090555555555 0.5295741527777778 0.5208033981481481 0.5420621018518519 0.5077108101851852 0.5513473125 0.4949169490740741 0.5606618912037037 0.48077924537037037 0.5666028587962963 0.4679837013888889 0.5694283449074073 0.44793192592592596 0.5679070833333333 0.4409177314814815 0.5639885787037037 0.43226303935185184 0.5631568935185185 0.4186459097222222 0.561037712962963 0.41385487268518517 0.559047962962963 0.41373995138888886 0.5593493472222222 0.4115379351851852 0.5628854606481482 0.41887081944444443 0.565925037037037 0.4347443310185185 0.5670454421296296 0.44401508333333334 0.5699638703703703 0.45942272222222225 0.5722551134259259
18 0.5148291087962963 0.43171642129629634 0.5082323611111111 0.4328413101851852 0.5029910648148148 0.4335539027777778 0.5054662268518518 0.4374898541666667 0.5198652662037037 0.4340071828703704 0.5230292523148148 0.43325641435185186 0.5148291087962963 0.43171642129629634
18 0.49804591666666664 0.42131906481481485 0.48812138194444443 0.41225451620370374 0.4760886111111111 0.40095983333333335 0.4699126296296296 0.3910399027777778 0.46282161805555555 0.37251490740740745 0.4543131574074074 0.3554762615740741 0.44856541666666666 0.340325474537037 0.4435073472222222 0.3224014791666666 0.44005236574074075 0.29733263657407405 0.44182138657407405 0.28249853703703703 0.4451747685185185 0.2584889398148148 0.44806339120370375 0.2421398726851852 0.45110154166666666 0.2290496412037037 0.45628444212962965 0.21575987268518518 0.46217621990740737 0.20172759953703703 0.46797647453703706 0.19701297222222222 0.4851745324074074 0.1994769236111111 0.5147769814814814 0.2019159722222222 0.5241978356481481 0.20809263657407406 0.5300937199074074 0.22001450925925925 0.5375012569444445 0.2341085324074074 0.5404881805555556 0.2473721134259259 0.5482141597222222 0.2700132152777778 0.5537005601851852 0.2827057037037037 0.5573588796296296 0.2976563680555555 0.5577316689814814 0.30800828240740735 0.5598331226851851 0.3077487222222222 0.5596848333333333 0.304821787037037 0.5587495231481482 0.2876996157407407 0.5546440555555555 0.2759504513888889 0.5491207430555556 0.2656869421296296 0.5420842569444444 0.24027392824074076 0.5377363587962963 0.2280958263888889 0.5352824675925926 0.21967818055555557 0.5289759513888889 0.20852812499999998 0.519648 0.1995215648148148 0.4644352361111111 0.19421581944444444 0.45925113657407407 0.20101654166666666 0.4524461574074074 0.21942244675925926 0.44607022916666667 0.2390858449074074 0.4377225717592592 0.29019116898148145 0.43865845833333333 0.3073127407407408 0.44170200462962966 0.32666505324074074 0.4491297337962963 0.34927683564814815 0.4683691967592593 0.39776117129629635 0.4874408287037037 0.41712715046296295 0.5045472731481482 0.4289093958333333 0.5126800949074074 0.43131283564814815 0.5148291087962963 0.43171642129629634 0.5249631666666666 0.42998834722222223 0.5258843263888889 0.4293699861111111 0.5197223518518519 0.43070099074074075 0.5088841342592593 0.42601002777777774 0.49804591666666664 0.42131906481481485
18 0.6274815902777777 0.3218085115740741 0.626380662037037 0.3188638912037037 0.6164951342592593 0.3203471134259259 0.6086971643518518 0.3155426666666667 0.5980649513888889 0.3137096689814815 0.5907906226851852 0.31382191435185186 0.5804937476851852 0.3095879560185185 0.5660370277777778 0.3069824537037037 0.5598331226851851 0.3077487222222222 0.5600622800925925 0.31227190972222224 0.5707194583333334 0.3102712407407407 0.5850080717592593 0.31407685416666664 0.6126341990740741 0.32200363425925926 0.6274815902777777 0.3218085115740741
18 0.5574470625 0.3771473402777778 0.5477896574074074 0.40298433333333333 0.5426991782407408 0.4134441597222222 0.5405710092592593 0.4157390648148148 0.5378339027777778 0.4237912361111111 0.5400826597222222 0.42135089120370367 0.5478397546296296 0.4091197731481482 0.5549624583333334 0.39277194675925925 0.5604811828703704 0.37708126157407407 0.5644513449074074 0.3616474074074074 0.5652136365740741 0.3475271921296296 0.5614624120370371 0.3354064305555556 0.5604900092592593 0.3207145347222222 0.5600622800925925 0.31227190972222224 0.5578998287037037 0.31267786574074075 0.5581648587962963 0.3200374629629629 0.5584093888888889 0.33344315046296297 0.5615101342592592 0.358883587962963 0.5574470625 0.3771473402777778
18 0.5472429699074074 0.3505949861111111 0.5475434050925926 0.3636004027777778 0.5447131805555555 0.3925266458333333 0.5390092199074074 0.4138765208333333 0.5339998611111111 0.42282503240740743 0.5405710092592593 0.4157390648148148 0.543639412037037 0.40671225925925925 0.5476646712962963 0.38438978472222224 0.5504578981481482 0.3578931712962963 0.550971988425926 0.3412205925925926 0.5536546041666667 0.3220135601851852 0.5564322268518519 0.31295337962962966 0.5578998287037037 0.31267786574074075 0.5577316689814814 0.30800828240740735 0.5568045648148148 0.3081227916666667 0.5521053287037037 0.31578139120370374 0.5493843310185186 0.33093030324074074 0.5472429699074074 0.3505949861111111
19 0.4412941226851852 0.25162775 0.4322704814814815 0.27509180092592594 0.42863508333333333 0.2881252962962963 0.42986930787037037 0.305275537037037 0.43395716203703705 0.3214837384259259 0.4383991666666667 0.33732098842592595 0.4391291365740741 0.3515839490740741 0.4384974699074074 0.3669336388888889 0.4374545439814815 0.3765654953703704 0.43391205092592594 0.3867690972222222 0.42257474305555554 0.40514444212962963 0.41140377083333335 0.4158312361111111 0.4064439143518519 0.427520537037037 0.4020623125 0.4372378587962963 0.39738813888888885 0.44904993981481484 0.39283972222222224 0.46645577083333334 0.3898763819444444 0.4811750949074074 0.3844887662037037 0.4980953009259259 0.3800554189814815 0.5146772407407407 0.38309696064814813 0.5210521504629629 0.38852067824074077 0.49521461805555556 0.3941877268518518 0.47629372222222227 0.39720697222222223 0.46117412962962967 0.40199733796296294 0.44419718981481476 0.40818803009259264 0.4301929837962963 0.4155161666666667 0.416703724537037 0.4250831574074074 0.40667407175925924 0.43284025694444445 0.39444295601851853 0.43987005324074074 0.3809250254629629 0.44928961805555556 0.38061328935185185 0.4489534699074074 0.37652589814814813 0.44113788888888894 0.3761804907407407 0.44186317824074073 0.3644899027777778 0.4428111921296296 0.34471054166666665 0.4406080416666666 0.33233290509259256 0.43708034953703706 0.3186117175925926 0.43327192824074073 0.3004028263888889 0.43194050462962963 0.2904461550925926 0.44146710648148146 0.26338099074074073 0.4457919953703704 0.24757558101851854 0.45250277777777775 0.22551117824074074 0.4579656875 0.21022011574074073 0.4611440347222222 0.20471899537037036 0.45767451620370375 0.20595062037037037 0.4412941226851852 0.25162775
19 0.5380067986111111 0.24348421064814815 0.5443525046296296 0.26518073842592593 0.5477683912037037 0.27970246064814813 0.5517452430555556 0.3031995486111111 0.5482040393518518 0.3198915439814815 0.5458398657407407 0.34764565277777776 0.5449852453703704 0.36459516203703707 0.5476720578703703 0.3713416273148148 0.5574840648148148 0.37471771064814813 0.5655420810185185 0.3754920578703704 0.5761923912037037 0.3728660671296296 0.5819926458333333 0.36815143981481485 0.5884634861111111 0.35863554166666667 0.5908675671296296 0.3479169050925926 0.5924135439814815 0.3346832800925926 0.5943520555555556 0.32513682870370375 0.5958786458333334 0.30987379398148146 0.5967156574074074 0.2973833171296296 0.5958181504629629 0.2843198703703704 0.589736363425926 0.2780584375 0.5855951898148148 0.27522730092592596 0.5819006782407408 0.2691946226851852 0.5766954837962963 0.2609898842592593 0.5634116851851851 0.2434923472222222 0.5563583912037037 0.22902672222222223 0.5494560069444444 0.22430768055555556 0.5416396157407407 0.2174739189814815 0.5313590648148148 0.2022925277777778 0.5208372800925926 0.19317124537037036 0.5141219097222222 0.1892814560185185 0.5053549236111111 0.18925026157407407 0.4915525578703704 0.19279027546296296 0.4774070925925926 0.19528484953703704 0.48332563888888885 0.1968448587962963 0.4774917824074074 0.19891578935185186 0.496180375 0.2029677314814815 0.5198897523148148 0.21295065277777778 0.5309346944444444 0.22698858101851851 0.5380067986111111 0.24348421064814815