4 0.54520581875 0.6530739078125001 0.557012065625 0.6528861796875 0.567873196875 0.6490373671875 0.5814675125 0.640657784375 0.5881463015625 0.637119921875 0.5939835046875 0.63877871875 0.5884277328125 0.627253515625 0.5854279546875001 0.6299220796875 0.57836475625 0.6366867187499999 0.5731484296875 0.6415897968750001 0.557958065625 0.6476733515624999 0.5483095312499999 0.648171540625 0.539606284375 0.6434565171875 0.537242134375 0.647614434375 0.54520581875 0.6530739078125001
4 0.5260046093749999 0.53933215625 0.5328606546875 0.5370355046874999 0.541608146875 0.5420603515625 0.5432334484375 0.538647271875 0.53526969375 0.533187315625 0.542554459375 0.5279741890625 0.5369546125 0.52723013125 0.529935084375 0.534305171875 0.511760315625 0.5402033640624999 0.49854969374999997 0.545355784375 0.4892121734375 0.5391517 0.4790165671875 0.5387806609375 0.4800946234375 0.5433726546875 0.4909991140625 0.5487075734375 0.497278834375 0.5512508015625001 0.5128383015625 0.5447948765625 0.5260046093749999 0.53933215625
4 0.386838403125 0.3152507453125 0.37182618125 0.313701596875 0.35864545625 0.3131448125 0.34917410625 0.31488373125 0.345095453125 0.3218346984375 0.34889274531250003 0.324750621875 0.35388750468749997 0.318296028125 0.368811096875 0.31922456875 0.4006387375 0.3201509 0.415140771875 0.3281147734375 0.4163308359375 0.3234992171875 0.410376615625 0.3202737 0.415385721875 0.31983813125 0.416227859375 0.3168595890625 0.4107166390625 0.3167361359375 0.41537137187499995 0.313819109375 0.41129296249999997 0.3118962609375 0.3999297859375 0.3151865359375 0.386838403125 0.3152507453125
4 0.5019032390625 0.48717372656249996 0.4948250484375 0.4879194390625 0.4947065234375 0.49300803593750003 0.500306946875 0.4937515140625 0.501296375 0.497722903125 0.5050350031249999 0.49430949999999996 0.50958645 0.493626178125 0.5069857375 0.490213653125 0.50967531875 0.48537296718749995 0.50809464375 0.4802230140625 0.5019032390625 0.48717372656249996
4 0.608838721875 0.47840817031249994 0.6160192421875 0.484302178125 0.6184283515625 0.4804544703125 0.61600489375 0.478283159375 0.6241910359375 0.4764202359375 0.6208521203124999 0.47375245 0.6136853 0.473877559375 0.61813376875 0.466554609375 0.616996096875 0.46450671874999994 0.6081597328125 0.4677350859375 0.608838721875 0.47840817031249994
2 0.4390480640625 0.63399300625 0.426015584375 0.631512721875 0.41457939843749997 0.6224546515625 0.40181304375 0.61296236875 0.3834619078125 0.6087454390625 0.367947240625 0.597764034375 0.35917073906249997 0.5895744796875 0.35097106875 0.5765439859375 0.3436579171875 0.560845734375 0.3391962296875 0.5444019328125 0.34089638437500003 0.5355898625 0.342182546875 0.5268404359375001 0.3499402109375 0.5190201703125 0.351699340625 0.507664090625 0.3499270609375 0.49525390468749997 0.3538584265625 0.4813530078125 0.36350791718750003 0.47198138749999996 0.37351191875 0.4650921921875 0.37837380625 0.457707175 0.3936230734375 0.449079128125 0.404794334375 0.447401953125 0.41748113125 0.4467650671875 0.432213121875 0.440433375 0.446073965625 0.43391551406250006 0.459431475 0.42683930468750003 0.47070602343749995 0.4229284265625 0.48298619218749994 0.4112606125 0.49331491562499996 0.40368825937499997 0.5084014140625001 0.3998389890625 0.520163278125 0.399340475 0.5340385390625 0.39884211875000003 0.5433769453124999 0.396172290625 0.5492819765625 0.3924336390625 0.561841734375 0.38864676249999996 0.5795441828125 0.38535512656250004 0.59628556875 0.3812569109375 0.6134856390625 0.36853350156250003 0.6363457515625 0.3540094640625 0.6544908687500001 0.34494665625 0.67514878125 0.33867615156249997 0.694786728125 0.334143559375 0.7078184953125 0.33662345625 0.719447240625 0.34406833125 0.7277211234375 0.35169992968749997 0.7337194140625 0.36410956250000004 0.7380340546874999 0.3647296140625 0.7329074859375 0.3525055703125 0.7267906015625 0.3451840484375 0.7136551453125 0.3360641390625 0.701598390625 0.331536125 0.6829069578125 0.33434232812500003 0.661658440625 0.3394341703125 0.636154590625 0.350235184375 0.6089208625 0.36668317968749997 0.5905236375 0.3799037703125 0.5746982875 0.3844978765625 0.5596707624999999 0.3858031375 0.5433724468750001 0.39300389999999996 0.5265132218749999 0.3968028515625 0.51673103125 0.396369746875 0.5001814921875 0.39885437968750004 0.4850360875 0.4052481421875 0.4736277109375 0.41710202656249995 0.4635794625 0.42368140312499997 0.45198012500000007 0.42827495625 0.436183853125 0.43603425781249994 0.4243477109375 0.4419311890625 0.40940881406249996 0.44385705781249996 0.3957114515625 0.44559652656250004 0.380609715625 0.4523006890625 0.369852271875 0.46278951562500004 0.3597596421875 0.46905810625 0.34966619374999997 0.48420109218749996 0.34792141249999997 0.50157619375 0.3447585515625 0.5178968687500001 0.3370595515625 0.53204645625 0.3381516421875 0.5515308046875 0.3442972921875 0.570890853125 0.3591454765625 0.5949655390624999 0.3844117234375 0.6120888625 0.40641255000000004 0.6211451171875 0.41739043125 0.6299555328124999 0.4330678671875 0.6361581625 0.44969048593750005 0.6460223578125001 0.4657661015625 0.655017809375 0.481857265625 0.6522850359375 0.49719587656249997 0.6442779828125 0.512030840625 0.6445859171875 0.5347882171875 0.646240084375 0.5369833875000001 0.6421075390625 0.525088515625 0.641674659375 0.51090376875 0.64000128125 0.4979895734375 0.6413062187499999 0.48440991718750004 0.646831490625 0.470741565625 0.651735671875 0.45881703749999997 0.6481381828125 0.4472485546875 0.6381491046875001 0.4390480640625 0.63399300625
2 0.3599083890625 0.6065768890625 0.36767998281250003 0.6225237625 0.381731475 0.6321395640625 0.39471963906249996 0.6343095453125 0.41471138124999996 0.6322589890625 0.43021194375 0.6283475562499999 0.44039313281250003 0.6226990875 0.44832869531249997 0.616119940625 0.45273220781249995 0.6084867828125 0.44637916093749996 0.6024685421875 0.433894171875 0.583109371875 0.4311025 0.572436515625 0.43779659375 0.566044246875 0.447622628125 0.5579134515625 0.459724653125 0.5538783390625001 0.47012741093750005 0.5497813875 0.48129867187500003 0.5481042109375001 0.50424556875 0.5519481234375 0.5320830484375 0.5604450578125 0.5656393703125 0.573471659375 0.5822403390625001 0.5849233921875 0.593883034375 0.5895135671875 0.603857071875 0.588333090625 0.6167276 0.5867177531250001 0.632419765625 0.5900665546874999 0.64803789375 0.5899399562500001 0.662489409375 0.5846012375 0.674354559375 0.5818690171875 0.6899436796875 0.5785777078125001 0.7029473937499999 0.5690194640625 0.7142809171875 0.562564575 0.734495690625 0.5531910421874999 0.7482816796875 0.5520721749999999 0.7470997625 0.5497144671874999 0.7305059093749999 0.5518887984374999 0.7133801171874999 0.5592137921875 0.70237138125 0.5649860062500001 0.6905649625 0.5740480359375 0.6747832796875 0.57895254375 0.6556480234375 0.5840435765625 0.6414333828125 0.5880794 0.6245439937499999 0.5852272984375 0.609664715625 0.5846090609375 0.594961975 0.58523165 0.5877072453125 0.5847365390625 0.5704939546875 0.5736931984375 0.548773603125 0.5636439671875 0.5290183328125 0.555517909375 0.509697371875 0.5511296265625 0.487769796875 0.5455479015625 0.47550589062500004 0.545487878125 0.46087712031250005 0.549585384375 0.45308973437500005 0.55424055 0.445095440625 0.554489890625 0.4403374890625 0.5596411046875 0.42833850625 0.57031633125 0.42706764843749995 0.5762113453125 0.434070740625 0.5897384437500001 0.4401723203125 0.5999143734375 0.447707284375 0.6082903234375 0.441131540625 0.6184682953125 0.4250104109375 0.6269097859375 0.40905154218749995 0.630573565625 0.39343334531249996 0.6306996812500001 0.3774508578125 0.6254932265625001 0.36716758125000004 0.6156281546875 0.36260267343749997 0.601418540625 0.355229903125 0.5882643937500001 0.356088234375 0.5735575328125 0.3621910109375 0.5659862140625 0.37513575 0.5589719796875 0.39964993125000003 0.553073390625 0.413125721875 0.5497824062500001 0.42930551406250006 0.5476702390625 0.4430921453125 0.546551275 0.45962637968750003 0.54692105 0.47678182500000005 0.5427606703125 0.47698427499999996 0.538610340625 0.46993580625 0.542521153125 0.45490828125 0.543826415625 0.42698186250000003 0.5435822046875 0.4163576046875 0.546128125 0.4045803671875 0.5494805656249999 0.3833324953125 0.5545723109375 0.3661326671875 0.5584219046875 0.3538678703125 0.5672357921875 0.3513399265625 0.58504543125 0.3599083890625 0.6065768890625
2 0.2981600890625 0.44661508593750004 0.3061680875 0.45238486250000004 0.3180039875 0.45536174999999995 0.3312579671875 0.45939306406249997 0.3438024171875 0.45846059375000003 0.3629825625 0.4536792828125 0.37486302031249996 0.44809265624999994 0.3893735109375 0.4402099296875 0.4001162921875 0.43257541406250005 0.4141247375 0.42413415 0.4200356 0.4181759328125 0.4190608328125 0.41135023437499996 0.4205541484375 0.3981328171875 0.4211602984375 0.3875832546875 0.42689397500000004 0.3803843078125 0.44048900468749996 0.3720051125 0.4512607953125 0.36753530625 0.466687078125 0.3690222890625 0.4771186015625 0.37696386249999997 0.4877507328125 0.382656628125 0.500177234375 0.38681217343749996 0.5122347046875 0.39134057499999997 0.5217647140625 0.39593098125 0.5354917296874999 0.3973561234375 0.5513467328125 0.39592662968750003 0.5638178593750001 0.391519146875 0.578299028125 0.3893450421875 0.5837515171875001 0.3831386859375 0.5842398578125 0.37767810625 0.5901500734375 0.3717199859375 0.5922932999999999 0.366010459375 0.5929291734375 0.35862599375 0.59143705625 0.3540961640625 0.6016772203125 0.3459036890625 0.6006725578125 0.3447871921875 0.5897967640624999 0.3514903171875 0.58715149375 0.3566413046875 0.589781215625 0.36321854062500003 0.5808559125 0.37469963281249996 0.57809211875 0.3849392171875 0.5659457796875 0.388664028125 0.5557798968750001 0.3914580859375 0.548509859375 0.393817384375 0.5307340203125 0.393633525 0.5110084703125 0.3886725625 0.48928805000000003 0.37862284687500003 0.47233999843749996 0.369441421875 0.4526143828125 0.364479978125 0.4420344375 0.367336203125 0.425499246875 0.3758398578125 0.41898247812499995 0.3834738234375 0.41667699062499997 0.3939610609375 0.4160111515625 0.4070542453125 0.41614385 0.41685897031249997 0.4029032625 0.42772010624999995 0.3882889109375 0.4378371171875 0.3723450359375 0.44751982031250004 0.3566677296875 0.45367648125000004 0.338507553125 0.45671988125 0.3237169015625 0.45672225 0.31400963593750003 0.45089063124999995 0.30208510781250003 0.447293140625 0.29363403906249996 0.43842081562499996 0.2833058046875 0.4282455359375 0.27512055156250004 0.42123454687499995 0.2732739921875 0.4142227765625 0.275195071875 0.40696231406249994 0.2831452953125 0.39752885625 0.291745809375 0.3867304359375 0.30771957968749997 0.3713385296875 0.321935178125 0.3584292765625 0.32861485468749996 0.346017503125 0.33873738124999997 0.3340397109375 0.3475890484375 0.32795693593749997 0.34490236875 0.32487427343749997 0.333097278125 0.332667784375 0.328043546875 0.34166638437499997 0.3101923640625 0.36462915156250003 0.2835204984375 0.39145135 0.274136821875 0.40268430468750005 0.26897915625 0.41391670625000004 0.2702351125 0.4197498140625 0.2764842265625 0.42800185781250005 0.289294890625 0.4378044421875 0.2981600890625 0.44661508593750004
2 0.69337106875 0.46397380625 0.6978928609375 0.46012586874999994 0.6951446171875 0.45863723125 0.688834928125 0.461802721875 0.680737415625 0.46428624999999996 0.67348196875 0.46379075312499995 0.6752552046875 0.467327509375 0.6861010328125 0.4663331046875 0.69337106875 0.46397380625
2 0.63914086875 0.486694046875 0.63811886875 0.494769903125 0.6402186125 0.500159375 0.6432782546875 0.4860728890625 0.63909744375 0.4775098328125 0.6359060609375 0.47291816249999996 0.6279270703125001 0.4703130984375 0.6195340203125 0.46777019218750004 0.6178201624999999 0.470563146875 0.6311627671875 0.47521506875 0.63914086875 0.486694046875
0 0.603125 0.484375 0.6109375 0.484375 0.6078125 0.490625 0.609375 0.503125 0.603125 0.5140625 0.5953125 0.521875 0.578125 0.5265625 0.5734375 0.525 0.56875 0.5171875 0.571875 0.5078125 0.5828125 0.4953125 0.590625 0.49375 0.603125 0.4859375
0 0.640625 0.478125 0.6484375 0.4828125 0.65 0.4875 0.634375 0.49375 0.6296875 0.490625 0.6234375 0.490625 0.621875 0.4859375 0.6390625 0.4796875
0 0.653125 0.4453125 0.66875 0.453125 0.675 0.465625 0.671875 0.4765625 0.665625 0.4828125 0.6515625 0.4859375 0.6453125 0.48125 0.64375 0.4796875 0.6453125 0.4625 0.653125 0.446875
0 0.640625 0.4390625 0.6484375 0.4453125 0.6484375 0.45625 0.6421875 0.4640625 0.64375 0.46875 0.6375 0.475 0.6296875 0.478125 0.625 0.475 0.6234375 0.4765625 0.621875 0.46875 0.625 0.4625 0.6234375 0.4578125 0.625 0.4484375 0.6359375 0.4375 0.6390625 0.4390625
0 0.6390625 0.4125 0.653125 0.421875 0.6546875 0.4390625 0.65 0.4453125 0.640625 0.440625 0.634375 0.434375 0.63125 0.4359375 0.6203125 0.4296875 0.6140625 0.4234375 0.615625 0.4171875 0.6140625 0.415625 0.6203125 0.4109375 0.6296875 0.4125 0.6359375 0.4109375 0.6375 0.4125
0 0.4375 0.2703125 0.4390625 0.271875 0.440625 0.2703125 0.446875 0.2765625 0.446875 0.2921875 0.4390625 0.3015625 0.415625 0.3140625 0.4203125 0.303125 0.41875 0.2984375 0.4203125 0.2828125 0.428125 0.271875 0.4359375 0.2703125
0 0.4328125 0.3171875 0.4375 0.321875 0.4296875 0.325 0.4203125 0.3234375 0.41875 0.3203125 0.43125 0.3171875
0 0.4203125 0.3265625 0.4328125 0.328125 0.4484375 0.334375 0.459375 0.3484375 0.459375 0.353125 0.4484375 0.3609375 0.4390625 0.3578125 0.4265625 0.3484375 0.41875 0.3328125 0.4203125 0.328125
0 0.55625 0.4640625 0.5625 0.4703125 0.5640625 0.475 0.5625 0.48125 0.5484375 0.4921875 0.528125 0.496875 0.5234375 0.4953125 0.51875 0.496875 0.5125 0.49375 0.5125 0.4890625 0.5234375 0.475 0.5234375 0.471875 0.5265625 0.471875 0.5375 0.4640625 0.5484375 0.4625 0.5546875 0.4640625
0 0.4703125 0.478125 0.4921875 0.4890625 0.4921875 0.496875 0.48125 0.5015625 0.459375 0.50625 0.446875 0.503125 0.440625 0.4984375 0.4390625 0.4859375 0.4453125 0.48125 0.45625 0.4796875 0.459375 0.4765625 0.46875 0.478125
0 0.528125 0.5046875 0.5328125 0.5078125 0.528125 0.509375 0.5375 0.521875 0.5359375 0.525 0.5234375 0.5296875 0.5109375 0.521875 0.509375 0.5109375 0.5046875 0.5 0.5109375 0.4984375 0.5265625 0.5046875
0 0.521875 0.5 0.5421875 0.509375 0.5453125 0.5140625 0.5453125 0.5234375 0.5375 0.525 0.5375 0.521875 0.53125 0.515625 0.5296875 0.5109375 0.521875 0.5046875 0.521875 0.5015625
0 0.5453125 0.54375 0.55625 0.546875 0.5625 0.5546875 0.565625 0.565625 0.565625 0.571875 0.5625 0.575 0.5578125 0.5765625 0.5546875 0.575 0.546875 0.5609375 0.5484375 0.5515625 0.5453125 0.5453125
0 0.559375 0.59375 0.5703125 0.5921875 0.5796875 0.5953125 0.590625 0.6078125 0.5921875 0.6125 0.5921875 0.621875 0.5890625 0.625 0.584375 0.6234375 0.5578125 0.6046875 0.55625 0.6 0.559375 0.5953125
0 0.640625 0.63125 0.65 0.634375 0.653125 0.6375 0.653125 0.64375 0.6421875 0.6453125 0.6390625 0.6484375 0.621875 0.646875 0.6109375 0.6390625 0.5984375 0.634375 0.6234375 0.6296875 0.6390625 0.63125