1 0.5620117175925926 0.3046875 0.5668945324074074 0.3053385416666667 0.5678710925925926 0.3033854166666667 0.5625 0.298828125 0.5590820324074074 0.2903645833333333 0.5576171875 0.28125 0.5512695324074074 0.265625 0.5473632824074074 0.26171875 0.5415039074074074 0.2630208333333333 0.541015625 0.2779947916666667 0.5444335925925926 0.287109375 0.55078125 0.2962239583333333 0.5620117175925926 0.3046875
8 0.568359375 0.353515625 0.5693359375 0.3463541666666667 0.5615234375 0.3118489583333333 0.556640625 0.314453125 0.5502929675925926 0.328125 0.5502929675925926 0.3385416666666667 0.5532226574074074 0.3483072916666667 0.5600585925925926 0.35546875 0.568359375 0.353515625
9 0.5083007824074074 0.33203125 0.5073242175925926 0.3216145833333333 0.5107421875 0.310546875 0.5107421875 0.302734375 0.5053710925925926 0.2864583333333333 0.5004882824074074 0.2819010416666667 0.4946289074074074 0.2819010416666667 0.4873046875 0.2903645833333333 0.4877929675925926 0.306640625 0.4936523425925926 0.3216145833333333 0.5048828125 0.3333333333333333 0.5083007824074074 0.33203125
10 0.5131835925925926 0.3932291666666667 0.5151367175925926 0.3723958333333333 0.5053710925925926 0.3450520833333333 0.498046875 0.35546875 0.4926757824074074 0.3684895833333333 0.4926757824074074 0.3834635416666667 0.498046875 0.3951822916666667 0.5053710925925926 0.3977864583333333 0.5131835925925926 0.3932291666666667
11 0.6059570324074074 0.4388020833333333 0.6098632824074074 0.431640625 0.6127929675925926 0.4192708333333333 0.609375 0.400390625 0.6020507824074074 0.3893229166666667 0.5961914074074074 0.3938802083333333 0.5908203125 0.4055989583333333 0.5903320324074074 0.419921875 0.5942382824074074 0.4322916666666667 0.6020507824074074 0.4401041666666667 0.6059570324074074 0.4388020833333333
12 0.6381835925925926 0.3776041666666667 0.6396484375 0.3658854166666667 0.6318359375 0.359375 0.6215820324074074 0.3600260416666667 0.6020507824074074 0.376953125 0.6020507824074074 0.380859375 0.615234375 0.3860677083333333 0.62890625 0.38671875 0.6381835925925926 0.3776041666666667
24 0.5478515625 0.3424479166666667 0.5434570324074074 0.337890625 0.5297851574074074 0.33984375 0.5141601574074074 0.3346354166666667 0.5087890625 0.337890625 0.5083007824074074 0.3450520833333333 0.515625 0.3430989583333333 0.5307617175925926 0.349609375 0.5478515625 0.3424479166666667
25 0.5800483402777777 0.31400651157407405 0.5793876944444444 0.3204615879629629 0.5811494143518519 0.32515690046296297 0.5837919930555555 0.33014518287037037 0.5862143564814815 0.329264974537037 0.5840122060185186 0.3242766921296297 0.5829111319444444 0.3207552083333333 0.5835717777777778 0.3134192708333333 0.5829111319444444 0.30667057175925927 0.5791674814814814 0.30314974074074075 0.5721206064814814 0.30344270833333337 0.5679365231481481 0.30285612037037035 0.5639726574074074 0.3081380208333333 0.5641928703703704 0.3132936203703704 0.568156738425926 0.3072578125 0.5725610347222222 0.3072578125 0.5785068356481481 0.30784440046296296 0.5800483402777777 0.31400651157407405
26 0.5926005856481481 0.35391275925925925 0.5923803703703704 0.347750650462963 0.5899580069444444 0.3471640625 0.587976074074074 0.3509785162037037 0.5897377939814815 0.3594876296296296 0.5908388680555555 0.3671171875 0.5923803703703704 0.3726920578703704 0.5956835925925925 0.37914778703703705 0.5978857430555555 0.38971093749999997 0.6009687499999999 0.38736393287037035 0.6000878912037038 0.38237565046296296 0.6029506828703703 0.38120182175925926 0.5998676759259259 0.37627539120370374 0.5956835925925925 0.3721054675925926 0.5943623055555556 0.36623697916666664 0.5943623055555556 0.35978125 0.5926005856481481 0.35391275925925925
17 0.5979794930555555 0.35353710879629624 0.6094321296296296 0.3620644537037037 0.637727050925926 0.3784466134259259 0.6481689444444444 0.38770052083333334 0.6562534189814815 0.3984726550925926 0.6636640625 0.41440625000000003 0.668547851851852 0.4249537754629629 0.6720849606481482 0.4408873703703704 0.6727587893518518 0.453679037037037 0.6719165046296296 0.46579687500000005 0.6698955069444444 0.4803841134259259 0.662147949074074 0.4927265625 0.6454741203703704 0.5068652337962963 0.6111162106481481 0.5260195324074074 0.5961269537037036 0.5365670578703704 0.5883793935185185 0.5453190092592592 0.5700214837962962 0.564843099537037 0.5560424814814815 0.5789817708333334 0.5434111319444445 0.5879583333333334 0.5284213865740741 0.5890800787037037 0.5161269537037038 0.5841432291666666 0.5075375972222221 0.5798789050925927 0.49760058564814813 0.5783079421296295 0.4895161134259259 0.5798789050925927 0.480758300925926 0.5852649745370371 0.47452685648148146 0.5940175787037036 0.46896875000000005 0.597383462962963 0.4624003912037037 0.5994029953703703 0.45583203009259254 0.6047890625 0.4516215810185185 0.6072578125 0.4437055671296296 0.6090527337962962 0.43696875 0.6115214837962962 0.4285478518518519 0.6077063796296296 0.4233266597222222 0.6020963541666666 0.416758300925926 0.6011985671296296 0.4098530277777778 0.6059114583333334 0.4024423819444444 0.6128678379629631 0.39435839814814816 0.6169075532407406 0.38610546759259257 0.6209472662037037 0.37835839814814815 0.6245377615740741 0.3709477546296296 0.6288014328703704 0.36555810648148146 0.6346360671296296 0.35865283101851847 0.6406953125 0.35882128935185187 0.644735025462963 0.3689267569444445 0.6355338541666667 0.37364257870370365 0.6299238287037037 0.38071630787037036 0.6256595046296296 0.3886318356481481 0.6229667962962963 0.3962109375 0.6196002592592592 0.403453125 0.6160097662037037 0.4081689444444444 0.6110729166666666 0.41625293055555557 0.6056868495370371 0.4223164050925926 0.605462238425926 0.4297265625 0.6133170578703704 0.4383164074074074 0.6151119791666667 0.4479160162037037 0.6121946620370371 0.45616894444444445 0.6092773425925926 0.4610532222222222 0.6050136712962962 0.46661084027777777 0.6023203125000001 0.4726743171296296 0.601423175925926 0.4785688472222222 0.5935683587962963 0.4886743171296296 0.5843671875 0.4996215810185185 0.581001300925926 0.5098955069444444 0.5830208333333333 0.5183164050925926 0.588406900462963 0.5294321296296296 0.5937929699074074 0.5467792962962963 0.5897532546296296 0.5595795902777778 0.5807766921296297 0.5717060555555555 0.5695032546296296 0.5843374027777778 0.5540182291666667 0.5956215810185185 0.5410026041666667 0.6090952152777779 0.5318014328703703 0.6282954097222222 0.520132162037037 0.6485058587962963 0.508686849537037 0.6634956064814815 0.4965683587962963 0.6714111319444444 0.4853476550925926 0.6741059560185185 0.4655989583333333 0.675453125 0.45123632870370367 0.6739375000000001 0.4363326828703704 0.6690532222222223 0.41995052083333334 0.6599584953703704 0.40132421759259257 0.6520429699074074 0.38763476620370374 0.6416005856481481 0.3784335949074074 0.6117900393518518 0.3604804699074074 0.5973056643518518 0.3467910162037037 0.5871162106481482 0.32920703009259256 0.5840004884259259 0.33199283796296297 0.5898955069444445 0.3400722662037037 0.5979794930555555 0.35353710879629624
18 0.5861899421296296 0.3398476574074074 0.5774321296296296 0.35578125 0.5688427731481481 0.3730611990740741 0.5637900393518519 0.38495507870370366 0.5577270509259259 0.4017858078703704 0.5514951180555555 0.42355403703703703 0.5469477546296296 0.437468099537037 0.5415585949074074 0.4577311203703704 0.5334741203703705 0.4662591134259259 0.5225268564814814 0.4723183587962963 0.5080424814814815 0.4723183587962963 0.49423193287037037 0.4691764328703704 0.48160058564814817 0.4655859375 0.4657690439814815 0.4604244791666667 0.4531372060185185 0.457507162037037 0.4469057615740741 0.457507162037037 0.45195849537037036 0.444266275462963 0.45498974537037035 0.4323723958333333 0.4565058587962963 0.4204785162037037 0.4605478518518518 0.4112773425925926 0.46997949305555553 0.40319856712962965 0.47654785185185183 0.3928092453703704 0.4805898425925926 0.37642708333333336 0.4760424814814815 0.3901165370370371 0.4701479490740741 0.39864453240740744 0.4618950185185185 0.4073964837962963 0.45633740277777773 0.414577474537037 0.4543164074074074 0.4244518217592593 0.44943212962962964 0.443078125 0.4448847662037037 0.4577050787037037 0.43595849537037035 0.4615201828703704 0.4241689444444444 0.46982356712962964 0.4145688472222222 0.481492837962963 0.4081689444444444 0.4920403657407408 0.3978950185185185 0.5136503912037037 0.3963793935185185 0.531154949074074 0.39486376851851857 0.5410286458333333 0.3957055671296296 0.5544941412037038 0.3946953125 0.5697539074074074 0.3977265625 0.5820970046296297 0.4027792962962963 0.5928684907407408 0.4085058587962963 0.6007233078703704 0.4174321296296296 0.606109375 0.4243374027777778 0.6162076828703704 0.4282109375 0.6254088541666667 0.43444238194444446 0.6443391921296296 0.44000048842592593 0.6557845046296296 0.44875830092592595 0.6806940115740742 0.4526318356481482 0.6869778657407407 0.45633740277777773 0.6921393240740741 0.46172656250000005 0.6914661458333333 0.4679584953703704 0.6865292962962962 0.4598740231481482 0.687875650462963 0.4546533194444444 0.6842851550925926 0.45010595601851855 0.6766549490740741 0.44572656250000003 0.6652096365740741 0.44168456944444445 0.6510716157407408 0.4362954097222222 0.6414218749999999 0.4285478518518519 0.6178580740740741 0.4132216805555555 0.599179037037037 0.40597949305555553 0.5928951828703704 0.4009267569444444 0.581225912037037 0.39738964814814814 0.5637213541666667 0.3972216805555555 0.5471145833333333 0.3978950185185185 0.5325273425925926 0.40025293055555555 0.5163170578703704 0.4048002939814815 0.506218099537037 0.4137265625 0.48893815046296296 0.41945312500000004 0.47928841203703704 0.42686376851851854 0.47165820370370376 0.4334321296296296 0.46582356712962963 0.4408427731481481 0.4617838541666667 0.44808447222222225 0.46021289120370373 0.45498974537037035 0.46021289120370373 0.46324267592592594 0.462008462962963 0.4716635740740741 0.465375 0.4826108402777778 0.46874088425925925 0.49035839814814813 0.47098502546296295 0.4814321296296296 0.47614648379629626 0.4746953125 0.4790638009259259 0.47098974537037036 0.48377669212962965 0.4725058587962963 0.48736718749999997 0.4768847662037037 0.48018619907407406 0.48042138657407407 0.47996158796296295 0.4878320300925926 0.4763710949074074 0.49271630787037035 0.4721074212962963 0.5014741203703704 0.4743515625 0.5115795902777778 0.4747871087962963 0.5205058587962963 0.47523567592592597 0.5277480462962963 0.4732161458333333 0.5343164050925926 0.4691764328703704 0.5420639652777778 0.4626686203703703 0.5456005856481482 0.4539166666666667 0.5491372060185186 0.43955403703703705 0.5533481435185186 0.4258645833333333 0.5568847662037038 0.413297525462963 0.564632324074074 0.3890078125 0.5717060555555555 0.37217643287037033 0.5782744143518519 0.3607311203703704 0.5846743171296297 0.3492864583333333 0.5892216805555556 0.34008528703703705 0.5919165046296296 0.3378411458333333 0.5915795902777778 0.34232942824074075 0.5898955069444445 0.3463691412037037 0.5929267569444444 0.34705989583333335 0.5957900393518519 0.3380520833333333 0.5942744143518518 0.33446158796296294 0.5902324212962963 0.3337884120370371 0.5861899421296296 0.3398476574074074
19 0.6611235347222222 0.3327858078703703 0.6611235347222222 0.321358724537037 0.6568359375 0.31204752546296294 0.6533427731481481 0.29977408796296295 0.6492138680555556 0.2843261712962963 0.64365625 0.27374544212962965 0.6330175787037037 0.26633919212962964 0.6217431643518518 0.26189518287037034 0.6077700185185185 0.2633763009259259 0.597289550925926 0.26866666666666666 0.5920493171296296 0.2739570300925926 0.5795048819444445 0.29279101620370374 0.5764882800925926 0.3023131504629629 0.5726772453703703 0.3118359375 0.5696601550925926 0.33659505324074074 0.5693427731481481 0.34569400925925925 0.5693427731481481 0.3458301458333333 0.5714558750000001 0.3464989652777778 0.5712686782407408 0.34988050462962966 0.5782348634259259 0.35246549537037036 0.6020532222222222 0.36346940046296294 0.6236489259259259 0.370664712962963 0.6336528310185185 0.37214583333333334 0.6414331064814816 0.36770182175925925 0.6535014652777777 0.35563997453703705 0.6571533194444444 0.34929166666666667 0.6611235347222222 0.3327858078703703
19 0.5802993171296296 0.44853841203703704 0.5869682615740741 0.4637747384259259 0.5999892569444444 0.4957858078703704 0.6011005856481482 0.518639974537037 0.5982421875 0.5440338541666667 0.5974482430555556 0.5618092453703704 0.6004653310185185 0.575140625 0.6026884768518519 0.585990886574074 0.6069760740740741 0.6001692708333333 0.6082460949074074 0.6249277337962963 0.6030058587962963 0.6407988287037036 0.5971308587962963 0.6479934884259259 0.5901440439814815 0.6530722662037037 0.5812519537037036 0.659632162037037 0.5729946296296297 0.6666158865740741 0.5633085925925926 0.6723294282407407 0.5558452152777777 0.6735989583333334 0.5458417962962963 0.67190625 0.5377431643518519 0.6668274745370371 0.5296450185185185 0.657516275462963 0.5231347662037037 0.6439733078703703 0.5178945300925926 0.6325455717592592 0.5104311527777777 0.6238697916666667 0.5028095694444444 0.6219654953703704 0.49502880787037035 0.6240813796296296 0.48534228472222224 0.6344889328703703 0.4791499027777778 0.6476087245370371 0.4747036134259259 0.662633462962963 0.47073388657407406 0.6816783865740741 0.4662875972222222 0.703897787037037 0.4659702152777778 0.7180761712962963 0.46803418055555557 0.7273873703703703 0.47168652314814813 0.7324661458333332 0.4747036134259259 0.7394492199074074 0.4778793935185185 0.7500299490740742 0.47930859490740746 0.7739902337962964 0.4785146481481482 0.8076367199074075 0.4747036134259259 0.8412832037037037 0.4718452152777778 0.8620501296296297 0.47232177777777773 0.8690338541666667 0.4747036134259259 0.865859375 0.47502099537037035 0.853162761574074 0.4791499027777778 0.8252298171296296 0.48153173842592595 0.7979316412037037 0.48153173842592595 0.7678821620370371 0.4791499027777778 0.7446048171296297 0.4753388680555556 0.7327545578703704 0.47025732407407406 0.7268294282407408 0.46803418055555557 0.7164602870370371 0.46914599537037033 0.698203775462963 0.47327441435185186 0.6776770833333333 0.47835595601851855 0.658632162037037 0.4839135740740741 0.6438190092592593 0.49185302777777773 0.63196875 0.4994746087962963 0.6241386712962963 0.5059853518518518 0.6256204421296296 0.5137661134259259 0.631757162037037 0.5186884768518518 0.6406445324074075 0.5261513680555555 0.6573619791666666 0.5358378912037037 0.668578125 0.5452065439814815 0.6764075509259259 0.55378125 0.6776770833333333 0.5634672847222222 0.6766191412037037 0.5720419930555556 0.6719635416666667 0.5799814444444444 0.6649804699074074 0.5876035162037037 0.658632162037037 0.5960195300925926 0.6537649745370371 0.6028471689814815 0.646781900462963 0.6082460949074074 0.6357779953703704 0.6107866203703703 0.624350261574074 0.6106279305555555 0.612076824074074 0.6080874027777777 0.5959368495370371 0.60459375 0.5823932291666667 0.6015771481481481 0.5703313796296297 0.5998300787037038 0.5529791666666667 0.6009418935185186 0.5388007800925926 0.6028471689814815 0.5208138032407408 0.603641113425926 0.5036731782407408 0.6014179699074075 0.49224609490740745 0.5907792962962963 0.4659485671296296 0.5831572268518519 0.4483841134259259 0.5780761712962963 0.43420637962962966 0.5736298819444444 0.41516080787037035 0.5717246087962963 0.38997916666666665 0.5710893564814815 0.3531197916666667 0.5712686782407408 0.34988050462962966 0.5693427731481481 0.3491658472222222 0.5693427731481481 0.36875976620370365 0.5702954097222223 0.397328125 0.5722006828703704 0.4191243495370371 0.5752177731481481 0.43309049537037037 0.5802993171296296 0.44853841203703704