4 0.7040993203125 0.537071090625 0.7080550437500001 0.5286308859375 0.7215974171874999 0.523713121875 0.7293841984375 0.5211986015625001 0.726442946875 0.5157006 0.7301938031249999 0.5085229203125 0.7239935921875 0.5107120187499999 0.72171955625 0.519416740625 0.7108090703125 0.5228784125 0.7005828015625 0.52802994375 0.6986700171875 0.5339150890625 0.69768105 0.54296580625 0.7040993203125 0.537071090625
4 0.47745823125 0.47867342968750004 0.49614238750000006 0.47514080937500003 0.5163164015625 0.470691184375 0.52458189375 0.4711291796875 0.5311400328125 0.476189184375 0.536595559375 0.47445804531249997 0.5324165953125 0.46890980156250006 0.5237190328125 0.46581469999999997 0.5132182796875 0.46675132656249996 0.48784145 0.47196423593750003 0.47128432187499997 0.475975865625 0.4617974125 0.4704492921875 0.4607481203125 0.474173909375 0.46657404687500004 0.4772484375 0.46256117812499997 0.47776777499999995 0.4618506578125 0.48096457968750006 0.467053396875 0.4802008203125 0.46052617500000004 0.4879488203125 0.46527125937499997 0.4894149625 0.47140185625 0.48174843437500003 0.47745823125 0.47867342968750004
4 0.4036935046875 0.358057434375 0.40572923593750004 0.37564035625000003 0.4042478046875 0.38418226093749996 0.40823444843749995 0.388550065625 0.41456602656249997 0.3896903125 0.4220993015625 0.3881428265625 0.425981446875 0.3842940125 0.41691031718750005 0.38646288281249996 0.41067457812499997 0.3859129234375 0.40909196249999996 0.34840590625 0.42232504843749996 0.336534521875 0.41396307656250003 0.33550637499999997 0.4071837109375 0.344221625 0.40690915 0.340006240625 0.40215095625 0.3409836703125 0.4028700578125 0.345412721875 0.395074771875 0.3403018640625 0.39076111875 0.34149296093750003 0.4035890828125 0.34984129375 0.4036935046875 0.358057434375
2 0.3914290734375 0.41122327031249994 0.3881260828125 0.4085459375 0.378863121875 0.40953328125 0.36918978125 0.413045803125 0.3658480171875 0.41769857187500004 0.36566484374999997 0.42414337968750004 0.37753403125 0.42658647031249997 0.38892809375000004 0.429234996875 0.3892933984375 0.42644653281249995 0.39359372187499997 0.427017809375 0.3941397984375 0.422870328125 0.39689318125 0.41711798906249997 0.3914290734375 0.41122327031249994
2 0.4745964140625 0.403597065625 0.47905390312499996 0.40329187656250004 0.48878763281250004 0.3976310578125 0.5009970187499999 0.3920721546875 0.5114366625 0.3932834796875 0.528595359375 0.387928328125 0.5328137374999999 0.38614633593750003 0.4971883 0.3913286234375 0.49029075781250003 0.394271434375 0.4796199453125 0.399209296875 0.46881840781250006 0.40081768125000006 0.45628726249999996 0.4018664046875 0.44959451093749997 0.40354621718750006 0.4388364421875 0.4155196484375 0.43300655312499997 0.4225139390625 0.4224926875 0.425894134375 0.411246609375 0.427288853125 0.3960960484375 0.42735022968749997 0.39359372187499997 0.427017809375 0.3931802609375 0.430158053125 0.40603075781250003 0.4304961828125 0.42742945 0.4285408484375 0.43318519375 0.4261385578125 0.443198015625 0.41462369531250004 0.45310180625 0.404961640625 0.46147624687500005 0.4035463484375 0.4745964140625 0.403597065625
2 0.39933550156250003 0.49777274531250004 0.408342353125 0.5078214640625001 0.4208085 0.5189899859375 0.4333357578125 0.528010559375 0.44736670624999997 0.5336708984375 0.46558001875 0.534811275 0.49970965312500004 0.5348175171875 0.51257695625 0.5358351375 0.5299839109375 0.5395820328125 0.5538793109375 0.5429110328125 0.5634784296875 0.5439900296875 0.5881927375 0.5422695453124999 0.605962071875 0.5431956437500001 0.6198006984375 0.5476755468750001 0.6415087578125 0.5526743078125 0.657390890625 0.554598540625 0.6723496984375 0.5533561125 0.6982446515625 0.5437654828125 0.6928401281250001 0.5409093796875 0.6756204 0.54841295625 0.6624877625 0.5508056765625 0.6449232171875 0.5486165781250001 0.628152 0.546265009375 0.6205484671875 0.5423352 0.6032394156249999 0.5397886296875 0.5832354625 0.5402370203125 0.562786246875 0.5404713984375 0.547252815625 0.538170546875 0.5266735203125 0.5350753140625 0.5088561875 0.5338535953125 0.49019840937500003 0.5325000281250001 0.46624189843749997 0.53131898125 0.4506953578125 0.5314617015625 0.43641218750000005 0.5267681328125 0.42423363125 0.5173709421875 0.41210243281250003 0.508269509375 0.40285590625 0.496744596875 0.39692548125 0.48545345156249997 0.393317090625 0.46575320312499996 0.3952909828125 0.45772010781250005 0.3939008515625 0.4491581046875 0.3924883078125 0.435413471875 0.3931802609375 0.430158053125 0.3928632359375 0.4301497125 0.38892809375000004 0.429234996875 0.38787459062499996 0.43727667343750004 0.390811234375 0.45284362343750006 0.3903627265625 0.46269877187499997 0.392062865625 0.4782147375 0.3929126140625 0.48597278906249997 0.39933550156250003 0.49777274531250004
2 0.5356095625 0.47313516250000004 0.532473096875 0.4768308 0.5394363656250001 0.48943470937500005 0.5409525875 0.4922091328125 0.5403540921875 0.483843240625 0.5376137328125 0.4779102078125 0.5356095625 0.47313516250000004
2 0.559965934375 0.43640195156250006 0.56788660625 0.4271472703125 0.583799575 0.4141154109375 0.597934290625 0.400228403125 0.6109618640625001 0.389619675 0.626813721875 0.37873576875000003 0.649898146875 0.3669766109375 0.6645207203125 0.3636673625 0.6883116984375001 0.3587802203125 0.704664678125 0.3560314578125 0.7179411515624999 0.35452464375 0.7319497609375001 0.35500283125 0.74684689375 0.3559089640625 0.7528166546875 0.3598693953125 0.7548037453124999 0.3771568296875 0.75994618125 0.40630546562500003 0.7564218875 0.41740290625 0.7465173765625 0.427064615625 0.7349187046875 0.4389052453125 0.722997634375 0.44623582500000003 0.703311475 0.4612632125 0.692567159375 0.4707929421875 0.6792033515625 0.47933484843749996 0.6694048140625 0.4831821953125 0.6701833796875001 0.4851055265625 0.6729430234375 0.48397668125 0.689069440625 0.4773081546875 0.6992609046875 0.4694179125 0.70767468125 0.46067190625 0.730183840625 0.44536960781249996 0.74072400625 0.43710274687500006 0.7481487078125 0.43191625 0.7572119749999999 0.42212186718750005 0.7634640703125 0.4101590953125 0.7545957078125001 0.35553764062500004 0.7467879515625 0.352870221875 0.727480684375 0.35256503281249996 0.7070800296875001 0.35309441874999997 0.6561346125 0.3623391859375 0.640008915625 0.3690080578125 0.6222835375 0.3784459203125 0.6025500984375001 0.39317803125 0.56107388125 0.42793676718749996 0.5473818078125 0.4527163015625 0.5404408843749999 0.473058165625 0.5401972453125 0.481650790625 0.5403540921875 0.483843240625 0.5445638890625 0.4929576875 0.5453873671875 0.4936306234375 0.5425597953125 0.48818312343750003 0.5443064843750001 0.476230396875 0.546053171875 0.464277671875 0.5522100703125 0.45172447812499994 0.559965934375 0.43640195156250006
2 0.6724485078125 0.5435728 0.67507116875 0.53449098125 0.67413869375 0.5236990765625 0.6721949921875 0.5167762125 0.673641615625 0.50549559375 0.6724818578125 0.49078358125 0.6701833796875001 0.4851055265625 0.6659187156249999 0.4868500078125 0.670521078125 0.4963731046875 0.6704915296875 0.5113289296875 0.6698907671875001 0.5404368953125 0.6738255265624999 0.5545783734375 0.6763615734374999 0.55253199375 0.6724485078125 0.5435728
2 0.5648516265625 0.5043504046875 0.5621212703125 0.5030878203125 0.5537353406250001 0.5031838828125 0.556635128125 0.5045128125 0.5702819203125 0.507811190625 0.5877026296875 0.5091143812500001 0.604090415625 0.50910433125 0.6198418265625001 0.5076990890624999 0.633528034375 0.5036672296875 0.644164040625 0.49599065312499996 0.6579586359375 0.49010611718749997 0.6659187156249999 0.4868500078125 0.6649848484375 0.4849176734375 0.6580186734375 0.48765290625 0.6452694718750001 0.4924072453125 0.6217405031250001 0.50395273125 0.603261290625 0.5062233078125 0.5761325125 0.5056944015625 0.5648516265625 0.5043504046875
2 0.58534956875 0.499224265625 0.5635068984375 0.5009653234375 0.5536907578125 0.499189340625 0.5621212703125 0.5030878203125 0.571522228125 0.502980128125 0.5938705515625 0.499304790625 0.61989679375 0.49304302499999997 0.635959471875 0.48791302031250006 0.6549916140625001 0.4840034375 0.6643510578125 0.483606246875 0.6649848484375 0.4849176734375 0.6694048140625 0.4831821953125 0.6690613328125 0.482333675 0.66055616875 0.48041948906250004 0.6453924171875001 0.482923959375 0.6260595671875 0.48750578125 0.6137069890625 0.4921786453125 0.58534956875 0.499224265625
2 0.65581465 0.352946884375 0.6397368734375 0.3599108984375 0.62527975625 0.3692878578125 0.6112665374999999 0.37887862031249997 0.59782064375 0.3843865390625 0.5829924859375 0.3889579640625 0.57352465625 0.3912078328125 0.562879425 0.3912586828125 0.542457153125 0.386606265625 0.529424321875 0.379520453125 0.5170014843749999 0.378716021875 0.5066091171875 0.377799971875 0.49414106875 0.377310309375 0.47635918593750004 0.3788271703125 0.46154478125000004 0.38095489374999997 0.444015121875 0.3815049875 0.42704962812499997 0.382854146875 0.421725390625 0.387914153125 0.447785875 0.3843917140625 0.46729800781249997 0.38343438124999996 0.4825090375 0.38122518437499997 0.4999421375 0.3800844609375 0.514887909375 0.3812860828125 0.5296287359375 0.38374975 0.54162864375 0.3895223203125 0.555275440625 0.3928206953125 0.5699683453125 0.39498921875000004 0.5726442640625 0.4038975609375 0.5764654546875 0.402197653125 0.5748224578125 0.3946025546875 0.586177490625 0.39135455 0.605318659375 0.385592159375 0.6165909640625 0.3793103 0.628812821875 0.371307959375 0.6452524140625 0.3615237609375 0.6544312296875 0.3568923828125 0.6827006718749999 0.3568819859375 0.6988967015625 0.3556908890625 0.721676378125 0.35467231093749996 0.7376681828125 0.3547436046875 0.74372763125 0.3559299671875 0.7416747499999999 0.3530253296875 0.6938888000000001 0.3527533109375 0.669187684375 0.3520307015625 0.65581465 0.352946884375
2 0.6939395609375001 0.46410384374999997 0.67248890625 0.47583237343749996 0.6556434640625 0.47807232656250004 0.6285238328125 0.485168665625 0.6121105421874999 0.49006620312500004 0.606341684375 0.494912065625 0.6055924687500001 0.5054394484375 0.6068867609375 0.51341116875 0.61208496875 0.5227168328125 0.6180547296875 0.526677265625 0.6287820453124999 0.5296604031250001 0.6396320656250001 0.52834655 0.6526688640625 0.5253635453125 0.662281171875 0.52399945 0.6772524468750001 0.5203135859375 0.689400084375 0.516902765625 0.7016573890625 0.51163900625 0.7061056531250001 0.503708090625 0.7077657265624999 0.4987908046875 0.7125980671875001 0.4932213765625 0.7191247234375 0.4854739828125 0.7324924187499999 0.46686278281250004 0.74453563125 0.455235821875 0.747302771875 0.44703977968749997 0.7518600640625 0.43725605625 0.7637725546875 0.42229961875 0.7698328937500001 0.40915579687500003 0.771854784375 0.40141832187500004 0.7696713296875 0.3930187890625 0.7628039 0.38100516562500003 0.7568489125 0.36831071406250004 0.7568522765625 0.3745001234375 0.7534004390625 0.369616090625 0.7542462859375 0.3888652640625 0.7506918015624999 0.41491866406250005 0.7400650203125 0.4302209640625 0.7260866078125 0.4425504390625 0.706954665625 0.45593855312500003 0.6939395609375001 0.46410384374999997
0 0.4578125 0.296875 0.465625 0.3046875 0.4640625 0.30625 0.465625 0.309375 0.4609375 0.3171875 0.44375 0.3296875 0.4296875 0.3328125 0.428125 0.3359375 0.421875 0.3328125 0.425 0.3140625 0.4359375 0.3015625 0.4453125 0.296875 0.453125 0.2953125 0.45625 0.296875
0 0.434375 0.4609375 0.4359375 0.459375 0.4328125 0.4546875 0.434375 0.440625 0.4421875 0.4359375 0.4484375 0.4375 0.4546875 0.4484375 0.45625 0.46875 0.459375 0.471875 0.44375 0.46875 0.4359375 0.4625
0 0.4609375 0.48125 0.45625 0.4875 0.453125 0.4875 0.4484375 0.4921875 0.4421875 0.490625 0.4390625 0.4859375 0.44375 0.48125 0.45 0.4796875 0.459375 0.48125
0 0.4703125 0.509375 0.4734375 0.5140625 0.48125 0.51875 0.4828125 0.5265625 0.478125 0.5296875 0.4703125 0.528125 0.46875 0.5296875 0.4546875 0.5171875 0.4546875 0.50625 0.4578125 0.5015625 0.4625 0.5015625 0.46875 0.509375
0 0.7671875 0.5125 0.7671875 0.515625 0.771875 0.51875 0.775 0.525 0.771875 0.5359375 0.7671875 0.5375 0.753125 0.5375 0.7328125 0.521875 0.740625 0.5140625 0.75625 0.5078125 0.7609375 0.5078125 0.765625 0.5125
0 0.7314814814814815 0.48982060185185183 0.022499999999999964 0.04283564814814813
0 0.3625 0.33125 0.3640625 0.3328125 0.378125 0.33125 0.3890625 0.3375 0.3890625 0.3421875 0.3828125 0.340625 0.365625 0.3453125 0.3578125 0.34375 0.3515625 0.3453125 0.3359375 0.340625 0.3390625 0.3359375 0.3609375 0.33125