0 0.5640673515625 0.58264444375 0.555656896875 0.594754359375 0.558471575 0.6035861953125 0.5681048515625 0.6061519421875 0.5814508046875 0.5994801109375001 0.5924432093750001 0.574697559375 0.5701142906250001 0.5788119046875 0.5640673515625 0.58264444375
0 0.5752489328125 0.567149040625 0.5934090296875 0.5683571078125 0.5864497984375 0.5643593234375001 0.5795198218750001 0.546679128125 0.5694303984375 0.54019821875 0.5610249296875 0.5391140859375 0.5536773734375 0.5429301 0.55263874375 0.5507356390625 0.5562250828125 0.557133921875 0.5669162734375 0.56459981875 0.5752489328125 0.567149040625
0 0.595856646875 0.401262778125 0.5854517125 0.40113058281249997 0.580681121875 0.40546800781250003 0.5790649921875 0.41180019687499997 0.5836849765625 0.42358699531250005 0.5977198046875001 0.4423348 0.6036796343749999 0.41406761249999996 0.602670259375 0.4081907375 0.595856646875 0.401262778125
0 0.477454975 0.583987378125 0.44322634375 0.591859903125 0.418417540625 0.5934993875 0.42342584843750003 0.5974723859375 0.43570889687500003 0.59909445625 0.4514376515625 0.5968509359375 0.4744654203125 0.5917681296875 0.47988631875000004 0.5874389640625 0.477454975 0.583987378125
0 0.4041200671875 0.632411403125 0.41498613593749994 0.6232647124999999 0.41638383437500004 0.6213277875000001 0.41079802968749995 0.6158814390625 0.40863365781249994 0.6070578656250001 0.388328475 0.6097319109375 0.38081102968749997 0.6169664640625 0.37979666875 0.6242836390625001 0.38786235625 0.6322048484375 0.39299201250000004 0.6337360328125 0.4041200671875 0.632411403125
0 0.4333939203125 0.60639510625 0.43696097500000003 0.6000877046875 0.430579240625 0.5975632703125 0.42345011875000005 0.596984021875 0.42132930156250004 0.600377775 0.4256872984375 0.604342509375 0.4333939203125 0.60639510625
0 0.6101025921875001 0.44230349843749994 0.622729084375 0.4400264296875 0.63367188125 0.44364723906250003 0.64029053125 0.45034744375 0.6459652140625 0.4573835875 0.6507350515625 0.4546587671875 0.6461074703125 0.44519843437500006 0.6303122984375 0.43664050625 0.6164350890625 0.43611626093750006 0.6046488359375 0.44014465156250004 0.6101025921875001 0.44230349843749994
4 0.592260196875 0.5775290359375 0.6013362234375 0.5720730109375001 0.616758765625 0.5694835328125001 0.6268306499999999 0.5626474484374999 0.6232815125 0.559468021875 0.6057814046875001 0.5665581515625 0.5886500906250001 0.5741753562499999 0.592260196875 0.5775290359375
4 0.6026600171875 0.48016351406249996 0.6047202796875 0.476011065625 0.5938293734375 0.47134613906249995 0.5918594984375 0.4643570640625 0.59881068125 0.45504335156250003 0.6034806765625 0.4450047890625 0.5962426875 0.44143104843750003 0.5963432015625 0.448744309375 0.5894093234375 0.4577098171875 0.58549241875 0.47124021718750003 0.5889557562500001 0.47615919843750004 0.6026600171875 0.48016351406249996
4 0.4069366890625 0.6044238703125 0.4138532640625 0.595806565625 0.4191866375 0.600400884375 0.42258406875 0.5973102031249999 0.4176624765625 0.5937658953125 0.42473078124999997 0.59141820625 0.4080780921875 0.5814566703125 0.4034850953125 0.5713004234375 0.40985217343749997 0.56441726875 0.4096658578125 0.5588435656249999 0.39978355 0.56185185625 0.3958845984375 0.575034059375 0.400564046875 0.5834507624999999 0.4089662828125 0.5915658500000001 0.41045583125 0.598897246875 0.4069366890625 0.6044238703125
2 0.7103532640625 0.560574278125 0.68810125 0.5700415249999999 0.668358478125 0.5663089109375 0.652238628125 0.554961434375 0.6434732375000001 0.5541537109375 0.622921596875 0.55737438125 0.6256292609375 0.5605426296875 0.6502968640625 0.5584185421875001 0.6605344984375 0.5669058640625 0.6797444296874999 0.57202441875 0.69502863125 0.57221860625 0.7088232546875 0.5650818875 0.7167869296875 0.5540403921875 0.727291165625 0.5385046203125 0.723799740625 0.5231389656250001 0.7162968125 0.49692809374999997 0.7028731671874999 0.47795446718749995 0.6834629046875 0.4582084234375 0.666931925 0.4458109453125 0.635016878125 0.425906028125 0.605699846875 0.4283189765625 0.5546841875 0.42906401718750004 0.5287133515625 0.4294304078125 0.5070454171875001 0.4364675875 0.47437892968749995 0.45032858437499995 0.44860777343749997 0.46532245625 0.4272958421875 0.48385476250000004 0.40935947031250003 0.5090460703125 0.3968954640625 0.5360480390625 0.40735337187500004 0.5494126484375 0.4258721828125 0.5684510078125 0.437875446875 0.5787014046875 0.45825024843750006 0.5883618078125 0.47167830312500003 0.5959744265625 0.46929680156250003 0.589894865625 0.4371742203125 0.5741659390625 0.40149237656250003 0.5368027984375 0.4126537984375 0.5080431453124999 0.433420153125 0.4818435046875 0.466159746875 0.457188696875 0.522965584375 0.433187584375 0.542058346875 0.43134109374999996 0.584187559375 0.432224284375 0.631138471875 0.429339021875 0.6577726859374999 0.4436055078125 0.6833418453125 0.4606443765625 0.70878670625 0.4895202046875 0.7200290265625 0.51508223125 0.718532275 0.526554309375 0.7237612421875 0.53323636875 0.7180960109375001 0.5446554875 0.7103532640625 0.560574278125
2 0.5274727546875 0.61291934375 0.5375279859375001 0.606431471875 0.560423796875 0.574687059375 0.5701263171875001 0.5473020734375 0.5702552046875 0.52606314375 0.5732839203125 0.502423565625 0.5682239874999999 0.5016629234375001 0.565381590625 0.5308762046875 0.5662831453125 0.5500391578125 0.5602720671875 0.5684174390625001 0.5413231828125 0.5953370171875 0.5262047562500001 0.6104657437500001 0.49924194843749997 0.6028111968750001 0.4722878671875 0.5963200015625 0.478984290625 0.60011633125 0.500441428125 0.6066566375 0.5274727546875 0.61291934375
2 0.6809685046875 0.5508766140625 0.7015568015625 0.5428200359375001 0.7124312546875 0.5336617218749999 0.7198600671875 0.5217685234375 0.713493503125 0.4991804328125 0.7177775343749999 0.4850453265625 0.7176296796875 0.48088437187500005 0.712532646875 0.47861814999999996 0.7075056390625 0.48148972656250005 0.6927625374999999 0.4898649046875 0.6859169359374999 0.49002275468749995 0.67405939375 0.486202184375 0.66060130625 0.47526724531250003 0.6430686796875 0.4677051453125 0.61939441875 0.4583522203125 0.6032458468749999 0.4557007640625 0.5871337546875 0.4523153 0.5779493734375001 0.4536665796875 0.5673080328125 0.451574253125 0.5565995953125 0.43773831406249997 0.54930036875 0.42737029531250004 0.5380960406249999 0.41695266249999996 0.5233396156250001 0.3993953734375 0.509459171875 0.39041219374999997 0.48739254687500005 0.388908203125 0.46439837656250005 0.3864145984375 0.42536211249999994 0.3856738140625 0.40607866406250004 0.38714111875 0.38535671250000003 0.397887109375 0.3792199140625 0.403436184375 0.37676951875000003 0.413435509375 0.36385714375 0.424280234375 0.3608529921875 0.43231539531249996 0.362897259375 0.4435949703125 0.36848502031249997 0.455653546875 0.37022777812499996 0.46644013125 0.3701588328125 0.49432916562500007 0.367979840625 0.518520984375 0.3696717296875 0.53689109375 0.3761748546875 0.55018444375 0.3830783 0.5554095484375 0.389282821875 0.56160458125 0.397138059375 0.5673314281249999 0.40784015 0.568201384375 0.41491660625 0.56339823125 0.420083234375 0.5547972953125 0.42382719062499996 0.54474696875 0.42115152812499995 0.54262390625 0.41527878749999997 0.5582185234375 0.4107996734375 0.56442930625 0.400969253125 0.566393478125 0.392840484375 0.562111578125 0.3881610109375 0.553695365625 0.37992781249999996 0.5515016921875 0.3730709546875 0.5402719031250001 0.37071051875 0.522483125 0.3730340953125 0.5037095703125 0.3728343890625 0.48908258125000004 0.372378546875 0.47027371249999994 0.372914675 0.4594857859375 0.36837356718750003 0.44828541718750003 0.364074553125 0.43221363437500004 0.3685709734375 0.4256546484375 0.3788337421875 0.4149907875 0.38063786875 0.4066564578125 0.393198428125 0.3963702140625 0.406460890625 0.390618959375 0.43068275156249997 0.38814127656249997 0.45522994531250005 0.38845315 0.47414978281250003 0.3900862421875 0.49353264062499996 0.391725215625 0.5068430515625 0.394331815625 0.518671190625 0.4000534296875 0.528649425 0.41376036562499996 0.5442198046875 0.42684150781249997 0.5572841828125 0.4437215015625 0.5610894828124999 0.45108231875 0.5701276625 0.45572370781249993 0.5850000796875 0.45486788593750005 0.6043316984375 0.4575509859375 0.6340207078125 0.4662854375 0.6517551078125 0.47312638125 0.6596942968749999 0.48123607812499997 0.662711271875 0.4858009640625 0.6764328140625 0.4894575671875 0.6892629 0.4924064890625 0.6973264390625 0.4886782453125 0.710709934375 0.480491525 0.7161464109375 0.48299808437499997 0.71126888125 0.497212634375 0.716165990625 0.51990813125 0.705112259375 0.5371780578124999 0.6606248859375 0.5557643375 0.65390245625 0.5511523703125001 0.6532736890625 0.5358230875000001 0.6517841390625 0.5284916921875 0.6470394109375001 0.5120658234375 0.63090225625 0.501066546875 0.6317630390625 0.49306865625 0.6287633703125 0.4881555671875 0.62166374375 0.4817976703125 0.6056610390625 0.47741573125 0.604345871875 0.480913053125 0.6175661031249999 0.48352730624999996 0.6229153578125 0.487265184375 0.6261665953125 0.49391185625 0.6277792546875001 0.5007825328125 0.6294520343750001 0.5064303421874999 0.6327397 0.51234398125 0.644874459375 0.517146390625 0.6464743296875 0.524261240625 0.64848214375 0.5362743359375 0.6471658109375 0.5431077984375 0.6493680296875 0.551209109375 0.6575369359375001 0.557184278125 0.6646955328125 0.557275228125 0.6809685046875 0.5508766140625
2 0.592199290625 0.38999545 0.6036124609375 0.3896508078125 0.6137821828125001 0.3946730765625 0.6227328 0.4045724296875 0.6269214171875 0.41857084687499996 0.6283268843750001 0.4295974796875 0.6257671296875 0.4417973671875 0.62123085 0.4544613 0.6134548453125 0.46023388593750003 0.5973276609375 0.46369890625 0.5821230609375 0.4676643171875 0.5748400375 0.476623925 0.5751872312499999 0.482744540625 0.5827630218750001 0.49409439375 0.587578328125 0.5085894421875 0.587767571875 0.5178883187500001 0.5849913734375 0.52788350625 0.58443243125 0.53913049375 0.58305244375 0.55379165625 0.576007278125 0.5710719515625 0.5660724828125 0.5809761859375 0.5499430703125 0.591046053125 0.5302458453125001 0.60082625625 0.50164143125 0.6129400656249999 0.4902647375 0.6125507 0.46953355625000004 0.61693554375 0.445666821875 0.6254396296875 0.42797399062499997 0.6276611265625001 0.41479944062499996 0.6306745 0.3901730625 0.641370396875 0.366969446875 0.64963808125 0.34764661406249997 0.658444721875 0.3380248375 0.6685972687499999 0.334683371875 0.6768729687499999 0.35251569374999997 0.65875091875 0.3622196078125 0.6534924765625 0.37406794374999996 0.6509514109375 0.3940616375 0.6426429437500001 0.4206524015625 0.6317271812499999 0.43771921875 0.629008571875 0.4588491140625 0.623160825 0.48360626875 0.61638035625 0.49698444999999997 0.6158163437499999 0.5044931453125 0.61542258125 0.5147872921875 0.6113942953125 0.5338693640625001 0.60087229375 0.5568450265625 0.5906445859375 0.5758206421875001 0.5757178171875 0.5834074296875 0.560645865625 0.5871747828125 0.5438135734375 0.5879888765625 0.5274324296875 0.5911266828125 0.5167078546874999 0.5894683203125 0.5042100421875 0.5842428156249999 0.4914220828125 0.577716046875 0.478617590625 0.5810088999999999 0.4713200796875 0.5942921343750001 0.466106625 0.6129981828125 0.46316401875 0.6216652593750001 0.45911505625000004 0.6259227140625 0.452074625 0.631280059375 0.4359960296875 0.6293330203124999 0.42276007499999996 0.6277111078125001 0.4095287390625 0.621099271875 0.3984359609375 0.611123953125 0.3895019078125 0.5979037468749999 0.3868871671875 0.587067975 0.38870711406249997 0.5737604468749999 0.39440942031250004 0.542584165625 0.41896680937499997 0.519043234375 0.4274750328125 0.51341966875 0.41614998437499995 0.5150247015625 0.410054171875 0.5201489109375 0.40522670468750005 0.5187457234374999 0.3875942484375 0.5228573875 0.383487409375 0.5305604859375 0.3791818640625 0.5317431625 0.37503781406250003 0.5406896859375 0.365365846875 0.5382809296875 0.3614205015625 0.5290913890625 0.3759824421875 0.51519071875 0.38705992031249997 0.515996721875 0.39049525625000003 0.5173900312499999 0.40176655937500005 0.5107822859375 0.4102450984375 0.509912628125 0.414637459375 0.5173310953125 0.429166071875 0.5110514109375 0.43104341562500004 0.4925073828125 0.45037956718750005 0.4663916546875 0.477937184375 0.44565240624999997 0.5021380203125 0.4354381421875 0.5176657484375 0.43367225156250006 0.5335451499999999 0.424734959375 0.5495782640625 0.4116186953125 0.55846326875 0.41134944375 0.5631085734375 0.4215000578125 0.5554085421875 0.43071163593749995 0.5469630859375 0.4365741265625 0.53382684375 0.43753110624999997 0.5211174328125 0.44614259218749996 0.50508018125 0.458200375 0.49177782499999995 0.5008829609375 0.4453480953125 0.511830321875 0.434722740625 0.526138909375 0.42854399218749994 0.5384095796875 0.42405165624999996 0.549862109375 0.41636816562499995 0.5671620374999999 0.40239891875 0.5789889609375 0.393741865625 0.592199290625 0.38999545