0 0.613890009375 0.619776484375 0.6177059500000001 0.627443990625 0.622609815625 0.6263829203125 0.62385421875 0.621866746875 0.6212021609375 0.614891603125 0.6177116375 0.6128155859375 0.613890009375 0.619776484375
4 0.61595374375 0.6014000515625 0.6094867453124999 0.6131802578125 0.62282163125 0.6046323734375 0.6204072171874999 0.5966622687500001 0.61782955625 0.572684671875 0.6147517812500001 0.5563642718749999 0.6053878296875 0.5503693125 0.6032053 0.5560320125 0.611518040625 0.5622544265625 0.61595374375 0.6014000515625
4 0.571132384375 0.6611131140625 0.5748165921874999 0.658900309375 0.56971691875 0.65542793125 0.5472567749999999 0.6393846703125 0.5363296140625 0.6441082078125 0.535898209375 0.6493913546875001 0.5484639828125 0.643369721875 0.563901803125 0.660789890625 0.5687556109374999 0.6710641046875 0.572158284375 0.6665530359375 0.571132384375 0.6611131140625
4 0.49683128906249996 0.7619504265625 0.49036941718750005 0.7591016953125 0.487048309375 0.7584046578125 0.48224467187500003 0.7632188609375 0.48852467343750006 0.7675219296875 0.49296570156249997 0.7656174640625 0.4930974359375 0.7754977750000001 0.49097736718749996 0.7934143015624999 0.484147115625 0.8081030765625 0.4871060921875 0.8117097453125 0.49105228125 0.802834809375 0.4975326546875 0.8146435046875 0.5014182984375 0.811140175 0.49486145625000005 0.798707228125 0.4983075765625 0.7710670578125 0.49683128906249996 0.7619504265625
2 0.43850180937500005 0.46776824687499996 0.39910821875 0.460249853125 0.39657488125 0.46598780624999997 0.4060887046875 0.4644013546875 0.431440159375 0.46882411093750004 0.449141675 0.47537421406249997 0.46681844375 0.48759222500000005 0.4733099171875 0.49090599687500003 0.47630417031250005 0.4902581171875 0.464923128125 0.48092478437499997 0.43850180937500005 0.46776824687499996
2 0.48246994218749994 0.7650578546875 0.4861789734375 0.7571777765625 0.4751572734375 0.743519778125 0.4695520015625 0.718310196875 0.4646104234375 0.7014495328125 0.4509681796875 0.6869435687500001 0.43837617343749996 0.6722103578125 0.438350909375 0.6514553078125 0.4370683046875 0.6380498515624999 0.42580235 0.6135929984375 0.41384788125 0.5835114109374999 0.4152550921875 0.56858040625 0.421428184375 0.55733589375 0.430947771875 0.5411216734375001 0.44586549218749993 0.5308163218749999 0.4551225296875 0.5212637 0.4577808375 0.513610971875 0.4582933234375 0.503119825 0.46836351875000004 0.49433545 0.476646859375 0.493304125 0.4752566390625 0.491899759375 0.4733099171875 0.49090599687500003 0.46528005937500005 0.492643453125 0.45497221718749997 0.5024227875 0.45509101718749995 0.5151365218749999 0.44548373906250005 0.5247649265625001 0.432135915625 0.5361462328125 0.419520496875 0.5535024046875 0.41145829218749996 0.5698740359375 0.41065133749999994 0.5809003421875001 0.415549515625 0.5944676765625 0.42679016093750005 0.624591903125 0.43562925 0.643911965625 0.43502274375 0.6624445375 0.4369371203125 0.678072475 0.44603867812500003 0.690730303125 0.45778560625000003 0.698568828125 0.4668751203125 0.7170023234375 0.4681892375 0.7365349578125 0.474951140625 0.75064191875 0.48246994218749994 0.7650578546875
2 0.5515897734374999 0.6542081125 0.5476736859375 0.6427881125 0.5451150859375 0.6277710140625 0.5456400265625 0.6144465484375 0.5445826125 0.6028794468750001 0.542180496875 0.59207475 0.5436000812499999 0.574309790625 0.5480029046875 0.5544836953125001 0.552900159375 0.5416288109375 0.5495160265625 0.5286774171874999 0.5451933609374999 0.5168732921875 0.5398080843749999 0.5081303671875 0.5241516796875 0.50066565625 0.5094085765624999 0.4977216890625 0.497480340625 0.491338034375 0.4803418890625 0.4893844578125 0.47630417031250005 0.4902581171875 0.479574053125 0.492939671875 0.476646859375 0.493304125 0.49372166406250007 0.51055265625 0.504518090625 0.5223716625 0.5043677343749999 0.5299531765625 0.49873287812499995 0.5514614890625 0.4882375609375 0.577324203125 0.47862451874999995 0.6015803765625 0.475385015625 0.6220982984375001 0.4761794734375 0.6403277375 0.4816845984375 0.6617848234375 0.489178496875 0.6818673953125 0.4979855890625 0.6950603828124999 0.5111092203125 0.7082635765624999 0.52110445625 0.7164811234374999 0.5306182015625 0.714894034375 0.54971455625 0.7093470890625 0.5533796203125 0.6981731484375 0.5575448796875 0.6793426515625 0.5577633843750001 0.6693865578125 0.5515897734374999 0.6542081125
2 0.3241869546875 0.7203986203125 0.31358428437499997 0.7042914296875 0.303088009375 0.677308859375 0.2985772703125 0.6551645171875 0.2986770546875 0.6324953265625 0.30233550937500003 0.609527575 0.30559274375 0.56860558125 0.3096138125 0.542728090625 0.313147296875 0.521675115625 0.315073609375 0.5080467750000001 0.32187855 0.4990253765625 0.32791470624999997 0.49252884999999996 0.334038228125 0.49261951562500006 0.34288251718749996 0.49731127812500003 0.356912684375 0.5032401296875 0.370129365625 0.5084021109375 0.37979967187499997 0.5110280625 0.38719290625 0.5009351796875 0.3908456 0.49259519531249996 0.39357213125 0.4825685234375 0.3912264296875 0.472224371875 0.38865545625000003 0.46004122656249996 0.3803235734375 0.444857678125 0.3732113515625 0.43082586562499997 0.36060745625 0.4189265046875 0.35697951250000004 0.42159858124999994 0.371179021875 0.43184886562499997 0.381068834375 0.450941578125 0.38864389374999997 0.4658167875 0.390376965625 0.48289959062500004 0.38659922343750003 0.493153715625 0.380075328125 0.50447348125 0.3681786046875 0.5042170046875001 0.35176538281249997 0.496443953125 0.340299984375 0.49090369218749996 0.33110496718750004 0.48628782031249995 0.3239746078125 0.48971772812500003 0.31711292343749997 0.498279959375 0.3106773625 0.51618670625 0.308851275 0.5335681796875 0.3036414953125 0.5644205796875 0.2982141046875 0.6081713203125 0.29655687343750003 0.626931240625 0.29500034999999997 0.6494441875 0.2984598015625 0.6718153499999999 0.3089437046875 0.7016318734375 0.322198509375 0.724714846875 0.33565324375 0.728881125 0.3498451734375 0.7243947171875 0.3561753109375 0.7173631359375 0.3601782453125 0.7089473671875 0.36458106875 0.689121271875 0.37072320937500003 0.6717501109375 0.3793609296875 0.6571416921875 0.39501064375 0.6528119515624999 0.4091777484375 0.653992815625 0.42465284687500005 0.6629123953125 0.4392709015625 0.6677705015625001 0.45953670312500006 0.6747093 0.47282250000000003 0.67749649375 0.48506954375 0.6776778234374999 0.4961093 0.6738734625 0.522574065625 0.6639009031249999 0.5367555328125 0.6505201406250001 0.535357934375 0.6449808296875 0.5210719859374999 0.6575086609375 0.49798514843749997 0.668638059375 0.47254015625 0.6722566234375 0.45767200625 0.67122679375 0.444230209375 0.66422709375 0.4278609484375 0.6597479046875 0.419197403125 0.6536007421875001 0.4075507 0.6495153499999999 0.3847391890625 0.6511484578125 0.3740243640625 0.660544409375 0.36316015 0.6775216671875001 0.3609274828125 0.6945190171875 0.35507980781250004 0.71135501875 0.34681715625 0.7202203843749999 0.33262474218750004 0.7247068984375 0.3241869546875 0.7203986203125
2 0.47577306249999995 0.39925365 0.473890559375 0.41617457656249995 0.475748678125 0.4313432453125 0.47907695781250004 0.44383462500000004 0.48482541250000005 0.44966834687499996 0.493813809375 0.4614064640625 0.50584226875 0.471543253125 0.516388678125 0.487191175 0.524632709375 0.49578763593749997 0.5323013046875 0.502621525 0.543235153125 0.5096924375 0.5531182015625 0.5169900625 0.5596549890625 0.5292593046875 0.57336594375 0.541391221875 0.5805874578125 0.5467824640625001 0.5832679125 0.5417340640625 0.587122896875 0.5434733421875 0.5898457671874999 0.5379640296875 0.5925723765625001 0.527937996875 0.5915965328125 0.5111627921874999 0.5915293390625 0.49593943749999997 0.5931054859375 0.482387515625 0.5944997625 0.47028993437500005 0.5918724515625 0.45764688124999997 0.59114621875 0.4370435 0.592372046875 0.42356672656249994 0.591258375 0.41154035625 0.5872296140625 0.399200540625 0.579473246875 0.385780203125 0.570334975 0.3816234921875 0.5609833984375 0.372794578125 0.5524015796875 0.3614405828125 0.535988353125 0.35366753125 0.524284828125 0.34912233593750003 0.5135390515625 0.3523916421875 0.500272796875 0.358564840625 0.48845091093750004 0.367728234375 0.481564884375 0.381957634375 0.47577306249999995 0.39925365
2 0.4333769421875 0.734131171875 0.4224115796875 0.7209330796875 0.41190285312499997 0.6967838265624999 0.40560378750000003 0.6835202640625 0.3983102578125 0.6709433203125 0.397752959375 0.6517190234375 0.39476964375 0.6537795234375 0.394494315625 0.6632758140624999 0.3982730609375 0.6794445453125 0.40336443437499997 0.6887231609375 0.409144403125 0.700684059375 0.41486803281249995 0.7121850515625 0.4230872375 0.7264487843749999 0.4318385546875 0.739182396875 0.44183379218749996 0.74739994375 0.45101643437499994 0.7548497734375 0.4573212640625 0.7534855687500001 0.46865492499999994 0.7491455171875 0.47883820312500003 0.7412802171874999 0.4882518 0.735940634375 0.49533819687499997 0.7292168625000001 0.5019308031249999 0.71552305 0.5049078375 0.7016673609375 0.5138581109375 0.6954844890625 0.5238595203124999 0.689073525 0.5310838984374999 0.6776021921875001 0.5422300484375 0.66292245625 0.551636959375 0.6457884234375 0.5601744531249999 0.6274268703125 0.5682052234375 0.6049286984375 0.570119159375 0.5941343109375 0.5770051875 0.579904915625 0.57814993125 0.5716361421875 0.5814896578125001 0.5548713515625 0.5842588609375 0.5492682875 0.5836555703124999 0.549072971875 0.5805874578125 0.5467824640625001 0.5799307546875 0.5480193078125 0.5768979484375001 0.5614156203125 0.5732074921875 0.5782563 0.5669780640625001 0.5890409062499999 0.5640324640625 0.6090231390625 0.555244953125 0.63121360625 0.5464821875 0.6477361640625 0.5336850531249999 0.6665479515625 0.5258604140625 0.6819239828125 0.5150334765625 0.6904006515625001 0.5069215109375 0.6946262109375 0.500579409375 0.7044910046874999 0.49690189062499995 0.7184982609375 0.48897710781250003 0.730121796875 0.4739467109375 0.739507334375 0.46300669375 0.74706493125 0.4522608390625 0.7503335984375 0.4419153609375 0.7421918375 0.4333769421875 0.734131171875
0 0.609375 0.61875 0.6109375 0.6234375 0.5984375 0.6375 0.5828125 0.6453125 0.578125 0.64375 0.5765625 0.6390625 0.5796875 0.6359375 0.5875 0.634375 0.6046875 0.6203125 0.6078125 0.6203125
0 0.625 0.6109375 0.646875 0.6171875 0.6578125 0.6109375 0.665625 0.6125 0.6625 0.6203125 0.6421875 0.6296875 0.6328125 0.6265625 0.628125 0.621875 0.625 0.6125
0 0.6078125 0.640625 0.6078125 0.6484375 0.6046875 0.653125 0.5921875 0.6625 0.5765625 0.6609375 0.575 0.659375 0.5765625 0.65625 0.5828125 0.6546875 0.596875 0.6421875 0.60625 0.640625
0 0.5734375 0.6765625 0.575 0.68125 0.56875 0.7015625 0.565625 0.7078125 0.5609375 0.7125 0.5578125 0.7125 0.5625 0.6984375 0.565625 0.6953125 0.5671875 0.6859375 0.5703125 0.6796875 0.5734375 0.678125
0 0.503125 0.8171875 0.525 0.81875 0.5328125 0.828125 0.5296875 0.834375 0.5203125 0.8375 0.5140625 0.8359375 0.50625 0.828125 0.503125 0.81875
0 0.4828125 0.8125 0.484375 0.81875 0.48125 0.828125 0.475 0.834375 0.4703125 0.8359375 0.4546875 0.8328125 0.4515625 0.8265625 0.453125 0.821875 0.4609375 0.815625 0.4703125 0.8171875 0.48125 0.8140625
0 0.4828125 0.8125 0.484375 0.81875 0.48125 0.828125 0.475 0.834375 0.4703125 0.8359375 0.4546875 0.8328125 0.4515625 0.8265625 0.453125 0.821875 0.4609375 0.815625 0.4703125 0.8171875 0.48125 0.8140625