0 0.36676534375 0.32438321718749996 0.347488990625 0.33157024375 0.3427651453125 0.3356473625 0.3414894953125 0.34025846249999997 0.3451009625 0.344701634375 0.3738522203125 0.330011903125 0.376350203125 0.3312310046875 0.3731458109375 0.32481644374999996 0.36676534375 0.32438321718749996
0 0.3906294828125 0.3098614140625 0.3905739515625 0.29681399062499997 0.383704775 0.29639755624999997 0.3790897765625 0.3030808 0.385987275 0.31589312812500003 0.3906294828125 0.3098614140625
0 0.4070540953125 0.292985378125 0.40097296250000003 0.29971899999999996 0.396331859375 0.31749507499999996 0.42049533125 0.310140121875 0.431354734375 0.3006324453125 0.4305666890625 0.2934823890625 0.4239957375 0.28848844218749997 0.4070540953125 0.292985378125
0 0.314144865625 0.587830471875 0.3053752625 0.588784271875 0.299782840625 0.5955011031249999 0.296770040625 0.6053916265625 0.2957392984375 0.6158665125 0.30589671875 0.6481408265625 0.32017489375 0.6150268750000001 0.3197928171875 0.5941610671875 0.314144865625 0.587830471875
0 0.2913703171875 0.640157903125 0.2858051078125 0.647526265625 0.286593153125 0.65467631875 0.2906661203125 0.65845116875 0.30041314531249996 0.6574637812499999 0.30079190312500004 0.6430965 0.298646571875 0.6386029484375 0.2913703171875 0.640157903125
0 0.3055723859375 0.6638111703125 0.30247684218750004 0.6600027359375 0.29221389375 0.6603553843750001 0.2710382234375 0.6806570093750001 0.268921209375 0.6885593531249999 0.2756815390625 0.6863696578125 0.2854002453125 0.672986378125 0.2949023609375 0.66613520625 0.3067130828125 0.6676867750000001 0.3055723859375 0.6638111703125
0 0.345212471875 0.6637540203125 0.3451602609375 0.685939684375 0.3493976078125 0.705368084375 0.3536338484375 0.713052121875 0.3575707546875 0.7135693125 0.3600676328125 0.70304405 0.3527075296875 0.6791556812499999 0.3511303328125 0.653111209375 0.345212471875 0.6637540203125
0 0.3190375140625 0.6463843578125 0.31203338281250004 0.6544546296875 0.30997079375 0.6636600359375 0.32808034531249997 0.6636902375 0.34757328906249996 0.6499710999999999 0.3473283796875 0.6441073140625 0.329680328125 0.643408790625 0.3190375140625 0.6463843578125
0 0.3178542546875 0.645766678125 0.32708060781250003 0.6418747828125 0.304049990625 0.628368640625 0.3178542546875 0.645766678125
4 0.390440103125 0.3614088765625 0.39328702656250003 0.3773101890625 0.4004331953125 0.38288203125 0.4085474140625 0.38551256562499997 0.40862792968750006 0.3787221890625 0.39681947968750003 0.37476424375 0.39128607031249996 0.3381082796875 0.399399759375 0.31894252968750003 0.39449415 0.3190895609375 0.3890853203125 0.328971721875 0.38821622499999997 0.3168813640625 0.384461803125 0.314101021875 0.3856741796875 0.3344221953125 0.3759043421875 0.3270007234375 0.3753191578125 0.3304143109375 0.38821828593749996 0.34306151875 0.390440103125 0.3614088765625
4 0.333562075 0.6809227390625 0.34282603125 0.6675139765625 0.3417960109375 0.6602769765625001 0.3360645328125 0.6711404421875 0.32577055625 0.677312203125 0.3204818296875 0.6726454484375 0.30867253125 0.6599607921875 0.3084897140625 0.6468772875 0.30265626874999996 0.6465929484374999 0.304938353125 0.6576651890625 0.301768625 0.6514712765625 0.29868065 0.6559410812500001 0.3039289125 0.65963900625 0.3093187296875 0.6667261984375 0.31933170624999996 0.6799573624999999 0.3268612328125 0.6860014671875 0.333562075 0.6809227390625
4 0.347709509375 0.6537716046875001 0.3525137828125 0.6555456562499999 0.352412303125 0.644397834375 0.37031498281249997 0.6287531046875 0.3761083796875 0.6367966484375 0.378408984375 0.63089955 0.37287760625 0.6204230921875 0.36706438124999996 0.6206228406250001 0.351826296875 0.639085359375 0.3417341453125 0.6413712687500001 0.348011578125 0.6435794828125 0.347709509375 0.6537716046875001
2 0.4975499296875 0.4866911046875 0.502275778125 0.521436340625 0.5040741578125 0.5470699875 0.49622404375 0.568187346875 0.49291484687500003 0.584784971875 0.48938239218749996 0.58733091875 0.4839529859375 0.5880022625 0.48857565156250005 0.59414625 0.4943281984375 0.5924935828125 0.49872722343750003 0.5758585093749999 0.50502330625 0.5523706390625 0.508434834375 0.5556475453124999 0.5153387375 0.5641370609374999 0.5262991343750001 0.565214796875 0.538531353125 0.5706125281250001 0.5479983734375 0.5707720109375 0.558898475 0.5791242125 0.567639628125 0.58803538125 0.574764265625 0.584397090625 0.587339840625 0.5892975875 0.59307304375 0.5958882015625 0.605991540625 0.600292784375 0.6200407875 0.6056280796875 0.620545071875 0.6002774890625 0.6076665234374999 0.5968410984375 0.5966252546875 0.593827009375 0.590448065625 0.585312525 0.58497821875 0.5850156906249999 0.5738757765625 0.5805487046875 0.5674374156249999 0.5831938484375 0.561341128125 0.5766163671875 0.54886576875 0.5654089453125 0.5375417703125 0.564343703125 0.5267427625 0.5584119421875 0.5158430234375 0.5587864703125 0.50970626875 0.5512401609375 0.5070003859375001 0.53872748125 0.5023950296875 0.4981607125 0.49964835 0.4759531265625 0.490160390625 0.4578560953125 0.4752618796875 0.43218714843750006 0.4631691578125 0.403998528125 0.4455462703125 0.3827868921875 0.4216062328125 0.3758523234375 0.40997977656250006 0.37625182343749997 0.4095765875 0.3840228546875 0.41964898125000005 0.38125218906249997 0.4320830546875 0.382764721875 0.4447794796875 0.390570415625 0.4580421796875 0.40320448124999997 0.4647248890625 0.4238224703125 0.4794818453125 0.44610215000000003 0.4912510671875 0.4665453609375 0.4975499296875 0.4866911046875
2 0.438754890625 0.5338000875 0.4448095578125 0.521956603125 0.45159006562500004 0.5013607828125 0.45683711875000005 0.48760526562499995 0.46961284531249997 0.47116713906249996 0.48715205156249997 0.4468081578125 0.483154515625 0.43821877656249997 0.45838715937499996 0.4288887234375 0.44256180624999997 0.424584021875 0.429844675 0.4162942546875 0.4193472734375 0.400171040625 0.40564019843750004 0.37688571875 0.4026714453125 0.35807924375 0.4052337125 0.3410225 0.41417414218750004 0.3198676796875 0.4227720671875 0.3079368046875 0.42818174375 0.30678135625 0.433954896875 0.3143401609375 0.4458450703125 0.3289611703125 0.46217591718750006 0.34536872343749997 0.47935429999999996 0.3646558515625 0.48777231875 0.374548340625 0.4917693640625 0.3831377375 0.49602976875 0.3980209171875 0.4987562296875 0.41974441406249996 0.50269346875 0.4356082609375 0.5117778765625001 0.45274959531250003 0.5287156984375 0.492407821875 0.545390315625 0.517046175 0.5620021640624999 0.5140508031250001 0.5850938140624999 0.509379084375 0.6121823843749999 0.5220235093750001 0.619085928125 0.52178629375 0.631115571875 0.5136157640625 0.6446588125 0.5068475734375 0.6578192109375001 0.49960775625 0.66129051875 0.4956095625 0.6334566140625 0.50868684375 0.6262910500000001 0.511356975 0.6167844453125 0.5189560281250001 0.596780925 0.51043185 0.58454821875 0.505034134375 0.5755054578125 0.5063144203125 0.557097284375 0.509856296875 0.5462986390625 0.5126512671875 0.5397174078125 0.5031810984375 0.529906284375 0.48606473437500003 0.51587565625 0.455032703125 0.5051760703125 0.43406860781249995 0.5002088078125 0.41096775937499996 0.49756322343750004 0.3911806140625 0.492111896875 0.37391444375 0.47333852812500005 0.351287990625 0.45589760625000003 0.3344331453125 0.44307938125 0.323722940625 0.43599348281249994 0.31087598125000004 0.428322425 0.301443259375 0.41871472499999995 0.306621871875 0.40813935937499995 0.323469175 0.4006725765625 0.345058140625 0.40079424843749994 0.3566893984375 0.40194645781249994 0.3755582921875 0.40660953437499997 0.3826698046875 0.41294850156249996 0.395057646875 0.423930353125 0.41407356562500003 0.4323685609375 0.4244494921875 0.4460542078125 0.42979727968750003 0.46591668750000004 0.4349328265625 0.4807123546875 0.44072660468749997 0.48343760468749997 0.444996659375 0.47451703125 0.4579088390625 0.4610954609375 0.47630828750000004 0.45150882968749995 0.49069770156250003 0.44783602968749997 0.5073078203125 0.433830153125 0.5378482234375 0.4225680203125 0.5556886875 0.41615026562499996 0.5675453 0.41465846093750003 0.592807221875 0.41635489999999997 0.6072937171875 0.41350954531250006 0.617572578125 0.4063647171875 0.62072743125 0.3853934046875 0.6325986890624999 0.3647245453125 0.6430052046875 0.3529371921875 0.6482587125 0.3428656203125 0.6597554390625 0.3434800359375 0.6657481140625 0.3521506703125 0.6555581328125 0.371022715625 0.645698140625 0.39029879843750004 0.6367938296875 0.4062437390625 0.6265489828125 0.4195650640625 0.6144558078125 0.4181698421875 0.5810504734374999 0.420106515625 0.5664397937500001 0.42935025156249995 0.5525469453125 0.438754890625 0.5338000875
2 0.49319221718749995 0.5130217203125 0.5030622984375 0.5141369203124999 0.514224546875 0.51132945625 0.5311999968750001 0.5083215953125 0.5452083203125 0.51268873125 0.55433319375 0.5307988921875 0.558492478125 0.543260978125 0.563660253125 0.5537499312499999 0.5771041 0.5620147265625001 0.585905059375 0.5636514453125 0.59870185625 0.5564241203125 0.60949965625 0.5449024375 0.6156149515625 0.5345105671875 0.6175718140625001 0.520383321875 0.616682990625 0.5078088578125 0.6110095953125 0.4939437984375 0.6000083734375 0.4831705046875 0.587473234375 0.4792381828125 0.5704775390625 0.48176130781250004 0.5519480296875 0.48239800468749994 0.5381414296875 0.48287241718749996 0.5285943859375 0.48950329375 0.5199152265625 0.4907710859375 0.5095605921875 0.49549058125 0.49113253593749995 0.5072744484375 0.48382629218749995 0.515282675 0.47082728281249997 0.5176684703125 0.466347021875 0.5236404625 0.4683666234375 0.5371462874999999 0.46929434062500003 0.54020571875 0.4719436625 0.536370909375 0.4721308546875 0.535512528125 0.4736440703125 0.5411910734375 0.47791281874999997 0.5217886984375 0.49319221718749995 0.5130217203125
2 0.4723310359375 0.6494894546875 0.46383423125 0.6638414187499999 0.4505732015625 0.6686601296875 0.437513534375 0.669593659375 0.4259873234375 0.6636868875 0.41024251093749997 0.652592459375 0.39572905625 0.6448492015625 0.3865447359375 0.64274021875 0.3785505140625 0.6342881671875 0.3758942515625 0.6360406203125 0.384378621875 0.646771859375 0.39848690000000003 0.6506964515625 0.4162675921875 0.6633122890625 0.432225221875 0.6718971953125 0.44742178906249996 0.67357970625 0.460703315625 0.669029109375 0.4698547984375 0.6617861078125 0.47848126718749995 0.647632603125 0.484051975 0.6225613265625001 0.4859256109375 0.6051759125 0.482869109375 0.582920903125 0.4785929390625 0.5597623796875 0.4736440703125 0.5411910734375 0.4729801765625 0.544208609375 0.471432571875 0.5472571875 0.4725861046875 0.55106130625 0.4773713703125 0.5698047125000001 0.481510821875 0.5905100921875001 0.48227918281250004 0.6089067390625 0.47878922656249995 0.6386010171875001 0.4723310359375 0.6494894546875
2 0.40991540000000004 0.5791287703125 0.41248480781249997 0.572742221875 0.4123140515625 0.568653859375 0.4066765109375 0.575145834375 0.4069654765625 0.5820644484375 0.41538369687500004 0.5912235578125 0.42279212343749994 0.5931730281250001 0.43522066718749997 0.5795191625 0.44231426718750005 0.5795905593749999 0.45817880781250003 0.568967434375 0.46468170468750003 0.560555528125 0.471432571875 0.5472571875 0.46929434062500003 0.54020571875 0.46793173593750004 0.5421780484375 0.4652444921875 0.5514029625 0.4565655046875 0.564299009375 0.44080566093750007 0.57176908125 0.4221230125 0.5884721609375 0.41370470312499996 0.5849823375 0.40991540000000004 0.5791287703125
2 0.5083266859375 0.5077217093749999 0.516049134375 0.5058819546875 0.5098209171875 0.5038912796874999 0.5040914562500001 0.5081823796875 0.49789026875 0.5181583187500001 0.485657909375 0.5308613234374999 0.47035701718749995 0.5380004859375 0.4751431484375 0.539410428125 0.48344239062499994 0.5344013984375 0.49306596562499994 0.527142175 0.500512565625 0.5186978453125 0.5083266859375 0.5077217093749999