1 0.5787037037037037 0.26851851851851855 0.5763888888888888 0.2777777777777778 0.5648148148148148 0.28703703703703703 0.5578703703703703 0.2916666666666667 0.5393518518518519 0.29398148148148145 0.5370370370370371 0.2962962962962963 0.5324074074074074 0.2962962962962963 0.5324074074074074 0.29398148148148145 0.5370370370370371 0.2916666666666667 0.5416666666666666 0.2824074074074074 0.5439814814814815 0.2824074074074074 0.5486111111111112 0.27546296296296297 0.5532407407407407 0.27546296296296297 0.5694444444444444 0.2662037037037037 0.5740740740740741 0.2662037037037037 0.5763888888888888 0.26851851851851855
8 0.5069444444444444 0.34953703703703703 0.5046296296296297 0.3449074074074074 0.5046296296296297 0.33564814814814814 0.5254629629629629 0.3101851851851852 0.5300925925925926 0.3125 0.5300925925925926 0.31712962962962965 0.5324074074074074 0.3194444444444444 0.5277777777777778 0.33101851851851855 0.5277777777777778 0.33796296296296297 0.5162037037037037 0.34953703703703703 0.5092592592592593 0.34953703703703703
9 0.5208333333333334 0.3680555555555556 0.5231481481481481 0.37037037037037035 0.5254629629629629 0.3819444444444444 0.5231481481481481 0.38425925925925924 0.5231481481481481 0.39351851851851855 0.5162037037037037 0.4027777777777778 0.5138888888888888 0.40046296296296297 0.5138888888888888 0.3958333333333333 0.5092592592592593 0.3912037037037037 0.5092592592592593 0.38425925925925924 0.5115740740740741 0.3819444444444444 0.5092592592592593 0.3773148148148148 0.5115740740740741 0.3726851851851852 0.5185185185185185 0.3680555555555556
10 0.5138888888888888 0.4212962962962963 0.5208333333333334 0.4212962962962963 0.5231481481481481 0.4236111111111111 0.5208333333333334 0.4351851851851852 0.5162037037037037 0.4444444444444444 0.5092592592592593 0.4513888888888889 0.5069444444444444 0.44212962962962965 0.5138888888888888 0.4236111111111111
11 0.5115740740740741 0.42592592592592593 0.5138888888888888 0.42592592592592593 0.5115740740740741 0.42824074074074076 0.5092592592592593 0.4398148148148148 0.5115740740740741 0.44212962962962965 0.5138888888888888 0.4398148148148148 0.5138888888888888 0.44212962962962965 0.5069444444444444 0.4513888888888889 0.49537037037037035 0.4583333333333333 0.48842592592592593 0.4444444444444444 0.49074074074074076 0.43287037037037035 0.4930555555555556 0.42824074074074076 0.5 0.4236111111111111 0.5069444444444444 0.4236111111111111 0.5092592592592593 0.42592592592592593
12 0.48148148148148145 0.4675925925925926 0.4837962962962963 0.4722222222222222 0.47685185185185186 0.48148148148148145 0.47685185185185186 0.4861111111111111 0.46296296296296297 0.49537037037037035 0.4537037037037037 0.49537037037037035 0.4513888888888889 0.4976851851851852 0.4351851851851852 0.4976851851851852 0.43287037037037035 0.4861111111111111 0.4375 0.4791666666666667 0.4513888888888889 0.4699074074074074 0.4583333333333333 0.4699074074074074 0.46064814814814814 0.4675925925925926 0.4675925925925926 0.4675925925925926 0.4699074074074074 0.4699074074074074 0.4722222222222222 0.4675925925925926 0.4791666666666667 0.4675925925925926
13 0.5370370370370371 0.44907407407407407 0.5393518518518519 0.4513888888888889 0.5486111111111112 0.4513888888888889 0.5578703703703703 0.46296296296296297 0.5509259259259259 0.47453703703703703 0.5416666666666666 0.47453703703703703 0.5393518518518519 0.47685185185185186 0.5185185185185185 0.47685185185185186 0.5046296296296297 0.4652777777777778 0.5046296296296297 0.4583333333333333 0.5138888888888888 0.4537037037037037 0.5231481481481481 0.4537037037037037 0.5277777777777778 0.44907407407407407 0.5347222222222222 0.44907407407407407
14 0.49537037037037035 0.6087962962962963 0.5046296296296297 0.6157407407407407 0.5023148148148148 0.6273148148148148 0.5 0.6319444444444444 0.4930555555555556 0.6365740740740741 0.4930555555555556 0.6412037037037037 0.49074074074074076 0.6435185185185185 0.4861111111111111 0.6435185185185185 0.48148148148148145 0.6504629629629629 0.47453703703703703 0.6504629629629629 0.4722222222222222 0.6481481481481481 0.47453703703703703 0.6458333333333334 0.47453703703703703 0.6296296296296297 0.4791666666666667 0.6203703703703703 0.48148148148148145 0.6203703703703703 0.4837962962962963 0.6157407407407407 0.4930555555555556 0.6087962962962963
15 0.49074074074074076 0.6481481481481481 0.4930555555555556 0.6504629629629629 0.4930555555555556 0.6550925925925926 0.4861111111111111 0.6550925925925926 0.48148148148148145 0.6597222222222222 0.47685185185185186 0.6574074074074074 0.47685185185185186 0.6550925925925926 0.48842592592592593 0.6481481481481481
2 0.48842592592592593 0.6643518518518519 0.49074074074074076 0.6666666666666666 0.5069444444444444 0.6689814814814815 0.5162037037037037 0.6759259259259259 0.5185185185185185 0.6805555555555556 0.5185185185185185 0.6944444444444444 0.5115740740740741 0.6990740740740741 0.5 0.6967592592592593 0.4976851851851852 0.6921296296296297 0.4930555555555556 0.6921296296296297 0.4930555555555556 0.6875 0.48842592592592593 0.6851851851851852 0.4861111111111111 0.6759259259259259 0.4791666666666667 0.6689814814814815 0.4791666666666667 0.6666666666666666 0.4861111111111111 0.6643518518518519
3 0.6435185185185185 0.4537037037037037 0.6504629629629629 0.4513888888888889 0.6550925925925926 0.4583333333333333 0.6550925925925926 0.4675925925925926 0.6574074074074074 0.4699074074074074 0.6550925925925926 0.4791666666666667 0.6481481481481481 0.4861111111111111 0.6342592592592593 0.4930555555555556 0.6319444444444444 0.49074074074074076 0.6296296296296297 0.4930555555555556 0.625 0.4930555555555556 0.6226851851851852 0.48842592592592593 0.6226851851851852 0.4791666666666667 0.6435185185185185 0.45601851851851855
4 0.6273148148148148 0.42592592592592593 0.6273148148148148 0.4212962962962963 0.6342592592592593 0.41203703703703703 0.6504629629629629 0.41203703703703703 0.6527777777777778 0.41435185185185186 0.6574074074074074 0.41435185185185186 0.6574074074074074 0.4212962962962963 0.6597222222222222 0.4236111111111111 0.6597222222222222 0.4398148148148148 0.6527777777777778 0.44907407407407407 0.6481481481481481 0.44907407407407407 0.6365740740740741 0.4351851851851852 0.6319444444444444 0.4351851851851852 0.6319444444444444 0.42824074074074076 0.6296296296296297 0.42592592592592593
5 0.6365740740740741 0.4375 0.6458333333333334 0.44907407407407407 0.6458333333333334 0.4537037037037037 0.6435185185185185 0.4537037037037037 0.6365740740740741 0.46296296296296297 0.625 0.4583333333333333 0.6111111111111112 0.4375 0.6111111111111112 0.43287037037037035 0.6134259259259259 0.4305555555555556 0.6226851851851852 0.4305555555555556 0.625 0.42824074074074076 0.6273148148148148 0.42824074074074076 0.6342592592592593 0.4375
6 0.6319444444444444 0.41203703703703703 0.6273148148148148 0.4212962962962963 0.6226851851851852 0.4236111111111111 0.6111111111111112 0.4236111111111111 0.6087962962962963 0.42592592592592593 0.6064814814814815 0.4212962962962963 0.6134259259259259 0.41435185185185186 0.6180555555555556 0.41203703703703703 0.6296296296296297 0.41203703703703703
7 0.5679012345679012 0.4224622770919067 0.05437242798353908 0.05368655692729763
24 0.5101537870370371 0.29905303935185185 0.4944838773148148 0.29676902546296297 0.48300189583333336 0.2975632638888889 0.4719774050925926 0.3021039282407407 0.4665772916666666 0.3103073402777778 0.4702868472222222 0.3131898101851852 0.47664463425925924 0.3053762152777778 0.4857799652777778 0.30198268287037033 0.5020940324074074 0.3015165925925926 0.5087220023148148 0.30394611574074076 0.5177424259259259 0.30735140740740746 0.5214989351851852 0.3086095439814815 0.5224534421296296 0.29578547222222223 0.5176412523148148 0.29964236805555555 0.5101537870370371 0.29905303935185185
25 0.5011001018518518 0.4174970578703704 0.5101931481481481 0.42120543055555554 0.5151185162037036 0.4182850810185185 0.5064580393518519 0.41639602314814816 0.5118580393518518 0.40819213657407405 0.5091056365740741 0.4057001319444445 0.5028197314814814 0.4138164976851852 0.4956202222222222 0.4144401574074074 0.48141075925925925 0.4146695023148148 0.4646184305555555 0.41494027777777776 0.45971798148148146 0.4197877337962963 0.4515434328703704 0.42905058564814813 0.45221689120370373 0.4337067476851852 0.4615430462962963 0.429294900462963 0.4679466319444444 0.41985778472222224 0.4820841041666667 0.41932519212962965 0.5011001018518518 0.4174970578703704
26 0.4681702916666666 0.6621903310185184 0.4725199722222222 0.6568449513888889 0.46973313657407406 0.6530726087962963 0.4591784236111111 0.666191 0.42998040046296293 0.6797500324074074 0.4164699490740741 0.6865624768518518 0.4094820347222222 0.6826167222222222 0.4070211087962963 0.6868160856481481 0.41333982870370367 0.6915843680555556 0.4227630046296297 0.6894033495370371 0.43479160879629625 0.6836288171296296 0.44815807870370367 0.676209875 0.46033013888888885 0.6710424768518519 0.47207441203703704 0.6695338125 0.47515821064814817 0.6661360879629629 0.4697753518518518 0.6653100162037037 0.4748446990740741 0.6629961597222221 0.472977462962963 0.660591375 0.4681702916666666 0.6621903310185184
27 0.49257239583333334 0.46424384259259255 0.4878587314814815 0.4625952453703704 0.4883882106481482 0.466644912037037 0.4834620972222222 0.4695649583333333 0.48542698842592596 0.4742004050925926 0.4922672962962963 0.4720608148148148 0.5005465347222222 0.47598538194444445 0.5001361111111111 0.47061509953703706 0.4958756759259259 0.46723423842592593 0.4970451712962963 0.4630555902777778 0.49257239583333334 0.46424384259259255
28 0.6075428356481481 0.43692363194444445 0.6096688472222221 0.4331356157407407 0.601393125 0.4346894259259259 0.602850574074074 0.43172376388888883 0.5992123796296297 0.42914471064814813 0.5946974305555556 0.4374353402777778 0.5979579050925926 0.44752828703703706 0.6073347592592592 0.44697143287037033 0.6076440092592592 0.44463267592592587 0.6008465046296296 0.4396697199074074 0.6075428356481481 0.43692363194444445
17 0.3520766550925926 0.5355741064814814 0.36696320601851856 0.5454797777777778 0.37861408564814814 0.5472191388888888 0.39242027314814815 0.55257675 0.40887832175925926 0.5527171527777778 0.42222338888888894 0.5488494861111112 0.43678853472222223 0.5446576898148149 0.44992189814814815 0.5453589699074074 0.4674090902777778 0.5461930856481482 0.4798475902777778 0.5457894745370371 0.49157057407407406 0.5478325555555555 0.5064784166666667 0.5541864814814814 0.5228638402777778 0.5540238055555555 0.5391273217592593 0.5497031967592593 0.5480472083333333 0.5453992800925926 0.5650771736111111 0.5421645300925926 0.5828266550925926 0.5422842222222223 0.5972478240740741 0.5374859305555555 0.6136082175925927 0.535395675925926 0.6354998217592593 0.5402171435185186 0.6667680578703703 0.5444808171296296 0.6943725393518518 0.5442384953703704 0.7159470046296297 0.5404411828703704 0.7343153611111112 0.5355613842592593 0.7438533333333334 0.5265810648148148 0.7527184814814815 0.5129444143518518 0.755726025462963 0.5037647569444444 0.7560274953703704 0.49046893055555557 0.7522495810185185 0.4927620694444444 0.7512068171296297 0.5065767013888889 0.7463106296296296 0.5169028449074075 0.7382331018518519 0.5283965231481482 0.72704375 0.5358813263888889 0.7071677361111112 0.5395502939814815 0.6857116921296296 0.5420271643518518 0.6655696481481482 0.5409312314814815 0.6390613981481481 0.5366919907407408 0.618461974537037 0.5318501111111111 0.6014322731481481 0.5347624189814815 0.5838047314814815 0.5388006643518518 0.5707690231481481 0.5403300462962963 0.5639264027777778 0.5392470324074075 0.5542872592592593 0.5405183124999999 0.5412295138888888 0.5455991342592592 0.5301329236111111 0.5498360763888889 0.5147296828703704 0.5523167962962963 0.5023844606481481 0.5494719050925926 0.4867354351851852 0.5436372569444444 0.47484718287037037 0.5445394259259259 0.45987213657407405 0.5433602986111111 0.4446335324074074 0.5428959328703704 0.428654375 0.5429506782407407 0.4166490162037037 0.5474295462962963 0.405670849537037 0.5503460439814815 0.38837459490740744 0.5484940902777777 0.3811708194444445 0.5436390648148148 0.36937596064814815 0.5412932083333333 0.3570051875 0.5365213773148148 0.34828975 0.5252986388888888 0.34541062499999997 0.5131706550925925 0.3396386365740741 0.5034225532407407 0.329588962962963 0.4993230763888889 0.3252060625 0.4917849189814815 0.32041614814814817 0.4843543865740741 0.3185624236111111 0.4674407847222222 0.3196265925925926 0.4500748796296296 0.32248589814814815 0.4348100439814815 0.3276451180555555 0.4237697800925926 0.3380395949074074 0.4074702384259259 0.3535320787037037 0.39626328009259254 0.3619189652777778 0.38243131481481485 0.3692297546296296 0.3695299699074074 0.38041962962962966 0.36204452777777774 0.3865146018518519 0.35494600231481477 0.39360878935185184 0.34113508564814815 0.40336325 0.3330638634259259 0.4178350023148148 0.33212009722222224 0.43245084722222227 0.3317832939814815 0.4449107523148148 0.3278284097222222 0.45746405092592596 0.3206255 0.4683445625 0.3154783472222222 0.46480106712962965 0.31255176157407405 0.44428546296296295 0.3231594513888889 0.43063103472222225 0.3293654050925926 0.4134782361111111 0.32812058564814817 0.3975496689814815 0.332029849537037 0.38591071527777776 0.3467257685185185 0.3740808287037037 0.3624395277777778 0.36179334027777776 0.3744063958333333 0.35481757870370373 0.3868968657407407 0.33770226157407407 0.40401426620370373 0.3204972962962963 0.4298590231481481 0.31549409259259265 0.45794153703703705 0.31684815509259256 0.47821109722222227 0.3229371712962963 0.49657750925925925 0.33523958564814815 0.5065249467592593 0.34412392129629626 0.5202812847222222 0.3520766550925926 0.5355741064814814
18 0.35382966203703703 0.37716679861111113 0.3699748310185185 0.37416710416666665 0.3880121597222222 0.3754993101851852 0.3978244652777778 0.38224031712962964 0.39388531944444444 0.39295645138888885 0.39193246990740743 0.40475676157407403 0.39036459953703706 0.42000088194444446 0.39369280324074074 0.42491839120370367 0.40871906944444447 0.42995187037037036 0.4150121203703704 0.43279274074074076 0.42252162731481485 0.4298306226851852 0.43144513888888886 0.4310055625 0.44651409722222224 0.42893602314814816 0.4578729837962963 0.4239846550925926 0.4761868587962963 0.4100939236111111 0.49251686805555556 0.3983420925925926 0.5078874074074075 0.38297719907407407 0.5243804837962963 0.3650579861111111 0.5363286851851852 0.34802330555555555 0.5428805138888889 0.3446713703703704 0.5567514305555555 0.3393745185185185 0.5703338703703703 0.3328653194444445 0.5849673773148149 0.32349791666666666 0.5996295462962963 0.32153694675925926 0.6192426365740741 0.3185825671296296 0.6356756527777777 0.31679539120370365 0.6499351782407408 0.3204212083333334 0.6622552546296296 0.3213380486111111 0.680817912037037 0.32124170601851854 0.6970094074074075 0.31661784953703703 0.6972467777777778 0.3139763148148148 0.6840456898148148 0.31845047453703706 0.6618697546296296 0.31789487268518524 0.6489994305555555 0.3164794722222222 0.6334479490740741 0.31287501157407405 0.6177816689814816 0.316069849537037 0.6057749930555555 0.31829246759259255 0.5904180763888889 0.31914902083333335 0.5758784837962962 0.32526775462962965 0.5625370439814815 0.3346142777777778 0.5500045162037037 0.3382660833333333 0.5403184143518518 0.3411616967592593 0.5311873472222223 0.35003391666666667 0.5199562407407408 0.36719996064814814 0.49356483333333334 0.3925843703703704 0.47082928935185187 0.4115172337962963 0.45093602083333334 0.42421569444444446 0.43995785416666666 0.4271321898148148 0.42881078703703707 0.4275150833333334 0.4161093587962963 0.42863328472222223 0.40402706250000003 0.4250738009259259 0.3954849027777778 0.42186382175925924 0.39418505555555555 0.41092763657407405 0.3987141481481481 0.3881280208333333 0.40241592129629633 0.38005342129629627 0.3955470671296296 0.3747870486111111 0.3857847106481482 0.37190072916666667 0.37427769907407404 0.3707673888888889 0.3584675532407407 0.37335620833333333 0.33916797453703706 0.37945051157407406 0.3279061134259259 0.3866327060185185 0.3183716550925926 0.4010914074074074 0.31697268287037034 0.4188691365740741 0.31686992824074073 0.4421041898148148 0.3257078287037037 0.457484224537037 0.3403022685185185 0.46069869444444445 0.35766677314814815 0.45737456712962965 0.37924060416666666 0.4535774259259259 0.39139178472222225 0.4519606597222222 0.40217901620370367 0.4500620046296296 0.4280053912037037 0.4386881805555556 0.44242656018518517 0.43388989120370375 0.4503930300925926 0.43467483796296297 0.4486922754629629 0.43093633333333337 0.4312556712962963 0.43395674305555554 0.4160468819444444 0.44089800462962964 0.40284515972222223 0.4453723287037037 0.3870605671296296 0.449888087962963 0.37335555555555555 0.4522395208333333 0.3484565162037037 0.4565981782407408 0.33388710648148145 0.4553112916666667 0.3254638912037037 0.45078022453703703 0.31930640277777783 0.43758894907407403 0.3213532777777778 0.4225404467592593 0.3204097476851852 0.4076416435185185 0.32635648148148144 0.39445793287037034 0.3392901782407407 0.3832860069444444 0.35382966203703703 0.37716679861111113
19 0.33801264120370367 0.5712211875 0.3517390601851852 0.5653184837962963 0.36970088194444445 0.5608690578703703 0.38649347685185187 0.5602758425925926 0.4048187615740741 0.562821037037037 0.4220685810185185 0.5662966851851852 0.4383148148148148 0.5710055578703703 0.4417657013888889 0.5800813078703704 0.44715634259259257 0.5918644490740741 0.45311863194444446 0.6005948773148149 0.46194886342592595 0.6050183148148148 0.48039309490740745 0.6062424189814815 0.49125231712962963 0.604647013888889 0.5077489074074074 0.5922061805555555 0.5201296805555555 0.5769908148148148 0.5366226435185185 0.5590711296296297 0.5531193472222222 0.5466307731481481 0.5695481018518519 0.5393649120370371 0.5771546273148148 0.538633625 0.5876069444444445 0.5371463125 0.6002363842592593 0.5357248657407407 0.6065337013888888 0.5440444212962963 0.6190013842592592 0.5510466064814815 0.6189585763888888 0.5581491550925926 0.6232910023148148 0.5618332638888889 0.6358270462962963 0.5636598425925926 0.636352375 0.5622312962962963 0.623863287037037 0.5587803842592592 0.6235967337962963 0.5540161226851852 0.6203148541666667 0.5474744513888888 0.6162447199074074 0.5430759166666667 0.6085882430555556 0.5399525138888889 0.6061445694444444 0.5351223912037038 0.5988223726851851 0.5315878125 0.5845915069444444 0.5353684305555556 0.5714118240740741 0.5362913148148148 0.5561774814814815 0.541305636574074 0.543958462962963 0.5480973680555555 0.536788025462963 0.5561263518518519 0.5272495324074074 0.5651073148148148 0.5172326666666667 0.5738924837962963 0.5094413078703703 0.5833759120370371 0.5026558472222222 0.5948487083333334 0.4888824699074074 0.60237575 0.4772570324074074 0.6025628541666668 0.4615866041666667 0.6002794791666667 0.45364164814814817 0.5959437314814815 0.44923360185185185 0.5864775185185185 0.4430297916666667 0.5749104097222223 0.44144625 0.5682399236111111 0.43378913888888887 0.5651166898148149 0.4177124421296296 0.5629412430555556 0.4049603148148148 0.5602044560185185 0.38862132407407407 0.5587434351851852 0.37555995138888887 0.5583454027777778 0.3560181041666667 0.5616027245370371 0.3440370925925926 0.5657527546296296 0.3332070555555556 0.5747539560185185 0.32330861342592593 0.5822186828703704 0.31798049305555554 0.5907253449074075 0.3129653587962963 0.602372576388889 0.304650462962963 0.6165077916666667 0.3018594050925926 0.6265965462962962 0.3028201875 0.6324658657407407 0.31170089351851854 0.6407433518518518 0.32450349074074075 0.6473341921296296 0.35903194212962963 0.6613690069444444 0.3839680555555556 0.6753736828703704 0.3919380439814815 0.681637013888889 0.40573393750000003 0.6840960092592593 0.40710344907407403 0.6801865925925925 0.3966718981481481 0.6781227986111111 0.38291214814814817 0.6711414953703704 0.37218912499999995 0.6623863310185185 0.3542915162037037 0.6561819328703704 0.3338573587962963 0.6483947986111112 0.3219399236111111 0.6418911759259259 0.3111235069444444 0.636384039351852 0.3066941736111111 0.6304695740740741 0.30585181944444445 0.6232798078703703 0.3108919814814815 0.6135601597222222 0.3167673564814815 0.6000730370370371 0.3213756967592593 0.5885343796296296 0.3311301597222222 0.5804631574074074 0.33801264120370367 0.5712211875
20 0.6707975902777777 0.41770188194444446 0.6603703032407408 0.4211167708333334 0.6600139861111111 0.42507939351851853 0.6665663356481482 0.4217268148148148 0.6749860370370371 0.4207794976851852 0.6819952453703704 0.42117351157407407 0.6840029421296295 0.41870640972222223 0.6784041157407408 0.4169705972222222 0.6707975902777777 0.41770188194444446
21 0.6218168333333333 0.43168138657407407 0.6231046412037037 0.42618181712962966 0.6238629652777777 0.41663257870370374 0.6158888263888889 0.4048910324074074 0.6159048657407408 0.410688962962963 0.6197970949074074 0.41771273148148147 0.6165778425925926 0.43146133333333336 0.6058917847222222 0.4410690300925926 0.6085003171296296 0.44295501388888886 0.6153620277777777 0.4372641481481481 0.6218168333333333 0.43168138657407407