1 0.6064814814814815 0.6736111111111112 0.6087962962962963 0.6759259259259259 0.6041666666666666 0.6828703703703703 0.5972222222222222 0.6851851851851852 0.5925925925925926 0.6898148148148148 0.5856481481481481 0.6898148148148148 0.5833333333333334 0.6921296296296297 0.5740740740740741 0.6921296296296297 0.5717592592592593 0.6898148148148148 0.5763888888888888 0.6851851851851852 0.5833333333333334 0.6851851851851852 0.5972222222222222 0.6759259259259259 0.6041666666666666 0.6759259259259259
9 0.6018518518518519 0.6967592592592593 0.5995370370370371 0.7037037037037037 0.5902777777777778 0.7106481481481481 0.5740740740740741 0.7106481481481481 0.5671296296296297 0.7060185185185185 0.5879629629629629 0.6967592592592593 0.5995370370370371 0.6967592592592593
8 0.6226851851851852 0.6689814814814815 0.6319444444444444 0.6759259259259259 0.6365740740740741 0.6759259259259259 0.6412037037037037 0.6805555555555556 0.6481481481481481 0.6805555555555556 0.6550925925925926 0.6759259259259259 0.6620370370370371 0.6805555555555556 0.6597222222222222 0.6851851851851852 0.6504629629629629 0.6898148148148148 0.6342592592592593 0.6898148148148148 0.625 0.6828703703703703 0.6226851851851852 0.6712962962962963
10 0.5625 0.7268518518518519 0.5648148148148148 0.7268518518518519 0.5555555555555556 0.7476851851851852 0.5462962962962963 0.7569444444444444 0.5462962962962963 0.7523148148148148 0.5601851851851852 0.7291666666666666
11 0.4791666666666667 0.8495370370370371 0.4976851851851852 0.8541666666666666 0.5046296296296297 0.8634259259259259 0.5046296296296297 0.8680555555555556 0.5023148148148148 0.8703703703703703 0.48842592592592593 0.8703703703703703 0.48148148148148145 0.8634259259259259 0.4791666666666667 0.8518518518518519
12 0.4583333333333333 0.8402777777777778 0.4583333333333333 0.8495370370370371 0.4537037037037037 0.8564814814814815 0.44907407407407407 0.8587962962962963 0.43287037037037035 0.8564814814814815 0.42592592592592593 0.8495370370370371 0.42592592592592593 0.8449074074074074 0.4305555555555556 0.8402777777777778 0.45601851851851855 0.8402777777777778
13 0.6196464837962963 0.6739960949074074 0.6164731435185185 0.6711770833333334 0.6118896481481481 0.6772845046296296 0.614710449074074 0.6857408865740742 0.6196464837962963 0.6857408865740742 0.6214091805555555 0.6815123703703704 0.6196464837962963 0.6739960949074074
24 0.6214091805555555 0.6312454421296296 0.6203515625 0.6143326828703705 0.6118896481481481 0.6063463541666666 0.6090693356481481 0.6115143217592593 0.6164731435185185 0.619500650462963 0.6161206064814815 0.6594322916666667 0.6083642569444444 0.6697682291666667 0.6224667962962963 0.6641302083333334 0.6210566412037037 0.6556744791666667 0.6214091805555555 0.6312454421296296
25 0.5449008796296296 0.686680337962963 0.5579462893518519 0.707350912037037 0.5614716805555555 0.7186263009259258 0.5653500972222223 0.7148678379629629 0.5649975578703704 0.7092304699074075 0.5688759768518519 0.707820962962963 0.5642924814814815 0.7032649745370371 0.5441958009259259 0.6824524745370371 0.532913574074074 0.6848014328703704 0.5318559560185185 0.68996875 0.5449008796296296 0.686680337962963
26 0.47403369212962965 0.7893951828703704 0.47086084027777775 0.7879856759259259 0.4655722662037037 0.7917441412037037 0.4712133796296296 0.7973815115740741 0.475796875 0.7964420578703704 0.4747392569444444 0.8063079421296296 0.47050830092592594 0.8236901041666665 0.4620463865740741 0.83684375 0.4645146481481482 0.8410722662037037 0.4694501944444444 0.8330859375 0.4743862314814815 0.8462395833333333 0.47861718750000004 0.8435885416666666 0.4736811527777778 0.829796875 0.48038037037037035 0.8030188796296296 0.48002783101851854 0.793623699074074 0.47403369212962965 0.7893951828703704
19 0.48355322222222225 0.5139882800925926 0.48952052777777777 0.5186861990740741 0.4925344259259259 0.5186861990740741 0.48249560648148143 0.5069414074074073 0.4581679675925926 0.4881497384259259 0.42044287037037037 0.47217708333333336 0.4172695300925926 0.477344400462963 0.4267890625 0.4778144537037037 0.4511166990740741 0.4876796875 0.4676875 0.498014974537037 0.48355322222222225 0.5139882800925926
19 0.4437124027777778 0.554860025462963 0.4292573240740741 0.5694231782407407 0.4193852546296296 0.5839869791666666 0.4172695300925926 0.5947916666666666 0.42044287037037037 0.6093554675925925 0.4278466805555556 0.6417708333333333 0.4341933587962963 0.6629114583333333 0.4313725578703704 0.6812330717592593 0.4313725578703704 0.6972057291666667 0.4387768564814815 0.7117695324074075 0.4493540046296296 0.7221048171296296 0.4560527337962963 0.7424166666666666 0.4549951180555556 0.762147787037037 0.4599311527777778 0.7776503912037037 0.4655722662037037 0.793623699074074 0.47015576157407407 0.7865768240740741 0.4609887685185185 0.7706035162037037 0.45852050694444446 0.7442955717592592 0.45570019444444443 0.7264433587962963 0.44406543055555553 0.7090611967592593 0.43348779398148146 0.691679037037037 0.4359560555555555 0.6710084629629629 0.4363085925925926 0.6573847662037038 0.42819921990740745 0.6306067708333333 0.42009033101851856 0.5980800787037036 0.42326367129629633 0.5835169282407408 0.4306674814814815 0.5736510416666667 0.4419497060185185 0.5595579421296296 0.4578154305555555 0.5525110671296296 0.46804003935185184 0.5449941412037037 0.4715659189814815 0.5379472662037037 0.4733286134259259 0.5276119791666667 0.484258300925926 0.5210351550925926 0.4925045787037037 0.5217928379629629 0.4913100578703704 0.5200950509259259 0.48952052777777777 0.5186861990740741 0.48143798842592594 0.5186861990740741 0.47015576157407407 0.5262024745370371 0.4687451180555556 0.5388867175925925 0.4581679675925926 0.5464036458333333 0.4437124027777778 0.554860025462963
19 0.4937778310185185 0.607945962962963 0.48143798842592594 0.6300260416666666 0.475796875 0.649757162037037 0.4743862314814815 0.6680787754629629 0.4772070324074074 0.6906289074074075 0.4821430671296297 0.7122389328703704 0.4891943356481481 0.7272721342592592 0.5004770509259259 0.7432454421296296 0.5092910162037038 0.7535807291666666 0.5188105462962963 0.7540501296296297 0.5382021481481482 0.752641275462963 0.5431381828703704 0.7423053379629629 0.549484375 0.7244537754629629 0.5508945300925926 0.7145878912037037 0.5466640625 0.6981451828703704 0.5441958009259259 0.6859309884259259 0.5434907222222223 0.6704277337962963 0.5456059560185186 0.6572740879629629 0.5459584953703703 0.6455292962962963 0.5449008796296296 0.6342539074074074 0.5484267569444444 0.6168717453703704 0.5551254884259259 0.5980800787037036 0.5614716805555555 0.5863359375 0.5597089837962963 0.572711587962963 0.5568881828703703 0.5600273449074075 0.5526577152777777 0.5501621087962962 0.5382021481481482 0.5393567708333333 0.5240991203703703 0.5332493495370371 0.5131694328703704 0.5243235671296296 0.4965986319444444 0.5186861990740741 0.4925344259259259 0.5186861990740741 0.49541867361111114 0.522060587962963 0.4925045787037037 0.5217928379629629 0.5071757800925926 0.5426451828703703 0.5163427731481481 0.5567389328703704 0.5152846689814815 0.5642552083333333 0.5071757800925926 0.5844563796296296 0.4937778310185185 0.607945962962963
18 0.4923676759259259 0.7009641921296296 0.46698242129629625 0.699085287037037 0.4525268564814815 0.6948567708333334 0.4401870115740741 0.684991537037037 0.4246738287037037 0.6770052083333333 0.4169169930555555 0.6690182291666666 0.40598730555555557 0.6624414074074074 0.3834228518518519 0.6591529953703704 0.37178759722222227 0.6661998703703703 0.35909521527777777 0.6807630208333334 0.3548642569444444 0.6972057291666667 0.3471079097222222 0.7127089837962963 0.3379409189814815 0.7197558587962963 0.3234853518518519 0.7211653634259259 0.3157290046296296 0.7150579421296297 0.30726709027777777 0.6967363287037037 0.3002158194444444 0.667609375 0.29845263657407406 0.6445891921296296 0.3012734375 0.622039712962963 0.30761962962962963 0.5999596365740741 0.3157290046296296 0.5599166666666666 0.32278027314814817 0.5350175787037037 0.3287739259259259 0.5148170578703704 0.33229980555555555 0.5016627592592593 0.3400561527777778 0.49414648379629633 0.34675537037037035 0.4889785162037037 0.3527490231481481 0.4903880208333333 0.3608579097222222 0.4969648425925926 0.37390331944444444 0.505890625 0.38624316435185185 0.5138776041666667 0.3954101550925926 0.5185755208333332 0.4038720694444444 0.5101191412037037 0.40845556712962966 0.5026022129629629 0.4123334953703704 0.49320637962962965 0.41127587962962964 0.4824016921296296 0.4102182615740741 0.46971744675925925 0.4038720694444444 0.4528046875 0.3985834953703704 0.4373014328703704 0.38765380787037035 0.4227382824074074 0.3837753912037037 0.42461718750000005 0.39646777314814813 0.43788216203703706 0.4038720694444444 0.45902278703703703 0.40951318287037036 0.47546549537037036 0.4091606435185185 0.49284765740740744 0.4042246087962963 0.5022434907407407 0.39646777314814813 0.512108724537037 0.38483300694444444 0.5092903657407407 0.36967236342592596 0.498014974537037 0.35909521527777777 0.49002864583333333 0.35063330092592593 0.4834518240740741 0.34322949305555556 0.4853307291666667 0.33547265509259255 0.49237760416666665 0.3270112314814815 0.5088203125 0.32313281250000003 0.5257330717592593 0.31431835879629627 0.5553294259259259 0.3037412106481482 0.5977213541666666 0.29986279398148147 0.6160429675925926 0.2956323240740741 0.6381230462962962 0.29633740277777776 0.6611425787037036 0.30303613194444445 0.6930885416666667 0.31326074305555557 0.7189270833333333 0.32595361342592594 0.7259739583333333 0.34040869212962965 0.7245644537037037 0.3474604490740741 0.7189270833333333 0.3523964837962963 0.7114101574074074 0.35909521527777777 0.6926184907407408 0.3672045902777778 0.6766458333333333 0.37742919907407413 0.663961587962963 0.3932949212962963 0.663022136574074 0.40704492129629627 0.66725 0.42114794907407405 0.6794648425925927 0.4348984375 0.6874511712962963 0.45393701157407407 0.698725912037037 0.4666298819444445 0.7043632824074074 0.47861718750000004 0.7071822916666667 0.48989941435185186 0.705772787037037 0.5170478518518519 0.7015449212962963 0.5325610347222223 0.6912773425925927 0.5318559560185185 0.6854609375 0.5163427731481481 0.6948567708333334 0.4923676759259259 0.7009641921296296
19 0.6115371087962963 0.4904433587962963 0.6143579097222223 0.47728906249999997 0.614710449074074 0.4650748703703704 0.6122421875 0.4519205717592593 0.6062485347222222 0.43688737037037034 0.5977871087962963 0.43077994675925924 0.5896777337962963 0.41997460879629633 0.5826264652777778 0.40682096296296294 0.5674658194444444 0.39554557175925925 0.5565356435185185 0.388498699074074 0.5456059560185186 0.3894388009259259 0.5318559560185185 0.3927272129629629 0.5191630856481482 0.39930403703703704 0.5107016597222223 0.4119882824074074 0.502944824074074 0.42796158796296296 0.49906640740740743 0.4444036458333333 0.49906640740740743 0.45990690046296295 0.5008295902777777 0.4730611967592593 0.505765625 0.4801080740740741 0.5131694328703704 0.4937317708333333 0.5237465810185186 0.5064160162037037 0.5322084953703704 0.5242682291666667 0.5392597662037036 0.5346035162037037 0.5459584953703703 0.5430598958333334 0.5558305671296296 0.5524557291666666 0.5646450185185186 0.5618509120370371 0.5695810555555556 0.5754752592592592 0.5815683587962963 0.590508462962963 0.5880019814814814 0.5974321296296297 0.5912367546296297 0.5929830717592592 0.5948079212962963 0.5955453217592592 0.5981396481481481 0.5906464837962963 0.6020175787037038 0.5812513009259259 0.6030756828703704 0.5643385416666666 0.6048383796296297 0.5491666666666667 0.6080117199074074 0.5360130208333334 0.6108320300925926 0.5242682291666667 0.6097744143518519 0.5111139328703703 0.6115371087962963 0.4904433587962963
19 0.5642924814814815 0.6558365879629631 0.5530102546296296 0.6760377615740741 0.5424331064814815 0.690600912037037 0.527625 0.7065742199074074 0.5181054675925926 0.7201979166666667 0.5064707037037037 0.726305337962963 0.49800878935185183 0.7287649745370369 0.49060498148148146 0.7372207037037037 0.4853164074074074 0.7503749999999999 0.4761494143518519 0.7602408842592593 0.46028369212962966 0.7663476550925926 0.4486484375 0.771515625 0.43771875000000005 0.7724550787037038 0.42855224537037034 0.7621197916666667 0.42114794907407405 0.7522545578703704 0.41198095601851853 0.7367513032407408 0.40457714814814816 0.7104427083333333 0.39999365277777776 0.6958795578703705 0.3943525393518519 0.6817858078703704 0.3961152337962963 0.6625247407407407 0.3929423819444445 0.6639335949074074 0.39153173842592587 0.6733294259259259 0.3932949212962963 0.6902421875 0.39717285185185186 0.7005774745370371 0.40140380787037033 0.7137317708333334 0.4056347662037037 0.7264160162037037 0.41198095601851853 0.7423886712962963 0.41903271527777775 0.7569524745370371 0.4278466805555556 0.7672877615740741 0.4359560555555555 0.7766835949074073 0.4423022453703704 0.7766835949074073 0.45393701157407407 0.774804037037037 0.46486718749999995 0.7691666666666666 0.4747392569444444 0.7658782546296296 0.48249560648148143 0.760710287037037 0.49060498148148146 0.7484960949074074 0.49518847685185186 0.7353417962962964 0.5047075185185185 0.7311139328703704 0.5152846689814815 0.7268854166666666 0.5237465810185186 0.7170201828703704 0.5364394537037037 0.704805337962963 0.5477216805555556 0.6897721342592592 0.5582988287037037 0.6733294259259259 0.5688759768518519 0.6526588541666667 0.5720493171296296 0.6423235671296297 0.5805107430555556 0.6296393240740741 0.5826264652777778 0.6216529953703704 0.5879150393518519 0.605680337962963 0.5913034606481481 0.6006981388888889 0.5907353518518519 0.6003736967592593 0.5880019814814814 0.5974321296296297 0.5872094722222222 0.598522136574074 0.5826264652777778 0.6112070300925926 0.5769848634259259 0.6271796875 0.5695810555555556 0.6365755208333334 0.5642924814814815 0.6558365879629631