1 0.5893775925925926 0.38985267361111114 0.5847146180555556 0.3642472222222222 0.5732804166666666 0.3564618449074074 0.563207324074074 0.3581877361111111 0.5582716736111111 0.36673467824074074 0.5635284837962963 0.37950769212962965 0.568509636574074 0.38384081712962964 0.5893775925925926 0.38985267361111114
8 0.5444621550925925 0.41027903240740743 0.5435557453703703 0.4181356134259259 0.5498155717592593 0.4225639884259259 0.5583201643518518 0.4222070231481482 0.5698054675925925 0.41662428009259256 0.5809554375 0.3996256574074074 0.5887610092592592 0.39624507870370373 0.5706663703703704 0.3958876388888889 0.5618719537037037 0.3977087824074074 0.5495540949074074 0.4042200185185185 0.5444621550925925 0.41027903240740743
9 0.5397372500000001 0.5619708194444444 0.5499666342592593 0.5627328518518518 0.5583518634259259 0.5564239166666667 0.5607898472222222 0.5506624513888889 0.5619178240740741 0.522021599537037 0.5435419375 0.5394724467592593 0.536108625 0.5508048634259259 0.5361313773148149 0.5572448935185185 0.5397372500000001 0.5619708194444444
11 0.44737664351851847 0.3599593657407407 0.4789797824074074 0.37073299305555557 0.4822133935185185 0.36750708101851853 0.4779681828703704 0.3627335277777778 0.4566541087962963 0.35569792129629635 0.44179308101851855 0.3521145740740741 0.42935586111111107 0.35267383564814814 0.4234682962962963 0.35619729629629626 0.44737664351851847 0.3599593657407407
12 0.3932091064814815 0.3222467314814815 0.3923993055555556 0.3296152523148148 0.39798286805555555 0.33746004861111106 0.4172226435185185 0.3418648449074074 0.4215189560185185 0.3332702800925926 0.4283356851851852 0.3283302662037037 0.42744344675925927 0.3262827731481482 0.41904964120370375 0.3162476064814815 0.40847074768518515 0.31397376620370365 0.4030662291666666 0.3150569282407407 0.3932091064814815 0.3222467314814815
13 0.4432649722222222 0.3512337060185185 0.44132421064814814 0.34465079629629625 0.4332657361111111 0.34603150925925924 0.4280175069444444 0.34960259722222226 0.42925925000000004 0.3531618958333333 0.43638856249999997 0.3531977361111111 0.4432649722222222 0.3512337060185185
10 0.5924545439814815 0.5304871273148147 0.6100434953703704 0.5233275324074074 0.6169107199074074 0.5143108611111111 0.6129080393518519 0.5111897199074074 0.6056122824074074 0.5177041296296296 0.597474261574074 0.5238031666666667 0.5858577407407407 0.5264665046296296 0.5740451898148149 0.5231161921296297 0.5681683171296297 0.5247961157407407 0.5787256944444444 0.5298170231481482 0.5924545439814815 0.5304871273148147
24 0.6004423981481481 0.39909779166666665 0.6158445300925925 0.4076561851851852 0.6201064837962963 0.404797099537037 0.6119213449074075 0.3971294513888889 0.5974456944444445 0.3932281296296296 0.5898962731481482 0.3870193194444444 0.5855316180555555 0.39004656944444444 0.6004423981481481 0.39909779166666665
25 0.5616676759259259 0.4876098726851852 0.557060962962963 0.49220737731481484 0.5575639236111111 0.506008025462963 0.5621488680555555 0.515525199074074 0.5602474583333333 0.5227940787037036 0.5682216782407408 0.5198594097222222 0.5661198634259259 0.5094688541666667 0.5616038009259259 0.49960369444444447 0.5652572546296296 0.4928179560185185 0.5770803263888888 0.489111150462963 0.5760849583333334 0.48480206018518524 0.5616676759259259 0.4876098726851852
26 0.40336194444444445 0.3770053449074074 0.41036684027777776 0.36729318981481485 0.42914218055555553 0.35881049305555557 0.422794037037037 0.35586725 0.42849093749999995 0.35276293518518514 0.42592340046296295 0.34939558333333337 0.4195641041666666 0.35350941435185185 0.414910275462963 0.3443402291666666 0.41699656481481484 0.3501420648148148 0.4137294351851852 0.35730970138888885 0.4034947013888889 0.36466353472222224 0.3968339282407407 0.3726372222222222 0.3974051365740741 0.38608983564814814 0.4063481365740741 0.38993212037037034 0.4079047847222222 0.3844016620370371 0.40336194444444445 0.3770053449074074
17 0.38821352314814817 0.4115194930555556 0.39377152083333333 0.43945989351851855 0.40513878703703704 0.46606845370370376 0.4214557013888889 0.48634045833333334 0.44301495370370375 0.5034742847222222 0.4716108865740741 0.5200729513888889 0.49111052546296297 0.5289365902777777 0.516471511574074 0.531531587962963 0.5662829768518518 0.5366542453703703 0.5944186898148148 0.5415731666666667 0.6306023726851853 0.5245064328703704 0.6498589606481482 0.5135892476851852 0.6737488449074074 0.4956066898148148 0.6915814444444445 0.47787864120370366 0.7053959328703704 0.4524402430555555 0.7126055439814815 0.4374495393518519 0.7061414027777778 0.4210875949074074 0.7010590439814814 0.40941614814814814 0.6892997523148148 0.40112962037037037 0.6742734305555556 0.40001024074074076 0.6541859212962963 0.4034540138888889 0.6420607407407408 0.41102062962962965 0.6184102314814814 0.4067884560185185 0.6149756828703703 0.40970868055555554 0.634322224537037 0.4146785972222222 0.6431113935185185 0.4146276018518518 0.661706224537037 0.40471997685185185 0.6819742453703703 0.40270113194444446 0.7014472060185185 0.4140331226851852 0.7051106782407408 0.43053905324074077 0.7078474722222222 0.44238888657407405 0.7010758078703704 0.44858921990740747 0.6997144583333333 0.46013376157407404 0.6823953379629629 0.4846053449074074 0.6503408495370371 0.5111548055555555 0.6210826597222222 0.5259144884259259 0.5914641875 0.537823875 0.5461637800925926 0.530920537037037 0.5046595972222222 0.5281813217592592 0.4864039814814815 0.5247041574074074 0.43665137962962963 0.49594183796296293 0.41064475694444447 0.46859584259259257 0.3967527013888889 0.4407408333333333 0.39290454398148145 0.41116320601851847 0.43708357407407405 0.3770470810185185 0.4724411504629629 0.3641537453703703 0.47627378240740736 0.3583084282407408 0.4612376365740741 0.36473062731481476 0.43888887962962964 0.37259400694444444 0.4245987476851852 0.38176344907407406 0.40175694675925927 0.3991183425925926 0.38821352314814817 0.4115194930555556
17 0.5563017962962963 0.39333921527777777 0.557661912037037 0.41214390046296295 0.5520542337962963 0.4311357592592593 0.5476379513888889 0.46045035185185185 0.5527841805555556 0.46012797685185186 0.5556438148148148 0.4363438402777778 0.5607534444444444 0.4151976597222222 0.5579961134259259 0.38711327083333336 0.5433841273148148 0.35355771527777774 0.5351294675925926 0.3462380069444444 0.5070949606481482 0.35014863194444446 0.48445470601851853 0.3548142152777778 0.47695634722222224 0.3580168935185185 0.5049714791666667 0.3538722662037037 0.5332819583333334 0.34857071759259256 0.5443683356481481 0.36492387499999995 0.5563017962962963 0.39333921527777777
18 0.6438029074074074 0.41856093749999995 0.6515278310185185 0.41454884027777783 0.6905432777777778 0.43686488194444445 0.6971184074074074 0.4549996921296296 0.6867242384259259 0.4771636875 0.6879999467592592 0.49172763888888893 0.6820542916666666 0.4937550601851852 0.6709567569444445 0.4844589722222222 0.6639736319444445 0.4800564490740741 0.6506732152777778 0.48188910185185185 0.6363247152777777 0.48434941435185186 0.6322427314814815 0.4886328912037037 0.6224631111111111 0.4960211203703704 0.6033970069444444 0.5013055810185185 0.5721486342592592 0.5074476226851852 0.552542275462963 0.5084573981481482 0.5381783472222222 0.5063285046296296 0.5281767476851852 0.5101709999999999 0.5226329444444444 0.5171690347222222 0.5056685555555556 0.5328445416666666 0.4871848101851852 0.5445245486111111 0.4740270717592593 0.5573075462962963 0.46102501851851857 0.5619853842592593 0.4473382800925926 0.5634361342592593 0.4279391111111111 0.5634024837962963 0.40899515277777776 0.5634027430555556 0.38486211805555554 0.561604962962963 0.36173560648148145 0.5570591990740741 0.3501562800925926 0.5501970671296297 0.3403828055555555 0.5388823912037037 0.3406693935185185 0.5304338611111111 0.3332408402777778 0.5189407523148147 0.33045132407407407 0.5120276689814814 0.33862644675925924 0.49640364814814814 0.3458378888888889 0.48564802083333336 0.34797198842592597 0.4748667800925926 0.3530555810185185 0.45618899999999996 0.3568572175925926 0.4416506597222222 0.359208287037037 0.4227693171296296 0.3659068935185185 0.4052702083333333 0.3753950162037037 0.3946841828703704 0.3840043125 0.3932083055555555 0.39066498611111106 0.3852351064814815 0.39968674537037036 0.3816722430555555 0.4088362962962963 0.38447105324074077 0.4116946944444444 0.391036150462963 0.4136054814814815 0.4070588958333334 0.41675101157407407 0.40517600000000004 0.4155596134259259 0.3948532615740741 0.4126166898148148 0.3858506574074074 0.4068658888888889 0.38046325000000003 0.3961634212962963 0.380409849537037 0.3870535046296296 0.3854340902777778 0.37944586574074074 0.39106599305555556 0.3713923981481482 0.39567268518518517 0.36174220833333337 0.4083425648148148 0.355555462962963 0.42647757870370373 0.35172696296296296 0.45073828240740743 0.34491916666666667 0.47849691666666666 0.34055210416666665 0.48908110416666667 0.3321033726851852 0.5006008611111111 0.3273192962962963 0.5116497337962963 0.32828247685185186 0.5199036226851852 0.3382630486111111 0.5318042592592592 0.338199337962963 0.5419651481481481 0.3428453865740741 0.5480141342592593 0.36050365046296295 0.5604872129629629 0.37903962268518515 0.5636034212962963 0.41747761574074077 0.5662187222222222 0.44062654629629633 0.5657120625 0.46262252083333333 0.5661105185185185 0.4784398819444444 0.5583633125 0.4972294375 0.5421591388888889 0.5107778449074074 0.532754662037037 0.520487037037037 0.5230641851851852 0.5343921782407407 0.510215525462963 0.5453364606481481 0.5090473101851851 0.5540039884259259 0.5111807453703704 0.5706283773148149 0.5091955509259259 0.5871075601851852 0.5079439027777778 0.6126139745370371 0.5006698611111111 0.631660125 0.49465043981481477 0.647544738425926 0.48492473842592587 0.6601069490740741 0.48214118055555555 0.6667766944444444 0.48288616203703705 0.6791601782407407 0.49248654861111113 0.6833787083333334 0.4957758125 0.6889324583333334 0.4939584074074074 0.6901031388888889 0.48983049074074075 0.6893894699074075 0.47539655787037033 0.701197224537037 0.4534656458333333 0.6968489976851852 0.44099258564814814 0.6884498333333333 0.43094513425925923 0.6702595416666667 0.42115979861111114 0.6558895162037037 0.41339492824074076 0.6488517037037037 0.4128706481481481 0.6393731759259259 0.41811505555555556 0.6352178333333334 0.42598763888888885 0.6348232083333334 0.4329007476851852 0.6298940231481481 0.44468268981481485 0.6265721643518518 0.45162536574074075 0.6134962337962963 0.4553621597222222 0.6088164699074073 0.4609645439814815 0.6057848263888889 0.4664410856481481 0.6025106296296295 0.4731396828703704 0.5976858541666666 0.47947464814814816 0.5915221226851851 0.48273486111111114 0.5779218703703703 0.48420096759259257 0.578348550925926 0.4877941458333333 0.5951113958333333 0.4848079467592593 0.6036363842592593 0.4790908518518519 0.60778725 0.4744593888888889 0.6089153680555556 0.46642666666666666 0.6274413194444444 0.45686702777777777 0.6361405300925925 0.4409289305555556 0.6394076574074075 0.4337612939814815 0.6438029074074074 0.41856093749999995
19 0.4798907986111111 0.5282221180555555 0.4690390555555556 0.5420426111111111 0.4688084861111111 0.5464881921296296 0.47319387037037036 0.5554927638888889 0.46904976851851854 0.5665893148148148 0.4674129907407408 0.5699386365740741 0.47830470833333333 0.5821557708333334 0.48372052546296296 0.5974357361111111 0.48705372685185183 0.5937165416666667 0.4806705601851852 0.5833235162037037 0.48053315740740743 0.5790981527777778 0.4740455787037037 0.5741521064814815 0.4710286064814814 0.5697122291666666 0.47675057407407406 0.5522864652777778 0.4729189675925926 0.5470425231481482 0.4728488171296296 0.5408386666666667 0.4811518009259259 0.5300519305555556 0.5021243171296297 0.5405402777777778 0.5266229212962963 0.5676550717592592 0.5382584791666667 0.5744723680555556 0.5484288240740741 0.577214 0.5620291736111112 0.5757474050925926 0.5740074166666667 0.5677137060185186 0.5832216435185186 0.5572429768518519 0.5880729745370371 0.5442156111111112 0.5932440694444444 0.5312115671296296 0.591957675925926 0.5147514722222222 0.5895210324074074 0.5073798194444444 0.5820255092592593 0.5026063125 0.5644190856481481 0.49807160185185184 0.5526868194444444 0.4917428541666667 0.5512588611111111 0.4841982199074074 0.5608117083333334 0.4720168425925926 0.5690852361111111 0.45974016203703705 0.5737914583333333 0.4474458611111111 0.5733603009259259 0.4365042291666667 0.576600863425926 0.4201332407407407 0.5770584652777777 0.40305968287037036 0.5733390671296297 0.38740984490740743 0.558422875 0.370926400462963 0.538428212962963 0.3587755185185185 0.5223218055555555 0.3466661643518518 0.5132266597222223 0.34177349768518517 0.5059652407407408 0.3407368101851852 0.4929937222222222 0.33902662731481487 0.4704033726851852 0.3301531388888889 0.45113778240740743 0.3225193240740741 0.43508258101851854 0.3183482939814815 0.4117147569444444 0.30520225462962963 0.3941692685185185 0.2952173240740741 0.38318438888888884 0.29167113657407406 0.3749709328703704 0.2856050185185185 0.3619628819444444 0.26604009490740743 0.36319733101851853 0.2745623101851852 0.3701237685185185 0.28549155787037034 0.3868890023148148 0.2959146111111111 0.40759025462962967 0.306134625 0.42908719212962965 0.3188931712962963 0.44125531944444446 0.3230232592592593 0.4580465671296296 0.3267533703703704 0.47933939120370367 0.3372655763888889 0.4985748865740741 0.3434094004629629 0.5098199861111111 0.3439989745370371 0.5348658287037037 0.35851013888888894 0.5517579583333334 0.36993415046296296 0.5650822337962963 0.3813399976851852 0.5723766458333333 0.3920490300925926 0.5750208425925926 0.4098499027777778 0.5727588703703704 0.42455791666666665 0.5705339606481482 0.43579793055555555 0.5707905578703704 0.4459826782407407 0.5683126875 0.45521985416666666 0.5600203055555556 0.4692305092592593 0.5497980347222222 0.47987426851851855 0.5479488958333333 0.48593515046296293 0.5528774560185186 0.4954764351851852 0.5668003287037037 0.5007282453703704 0.5817506828703704 0.5055613449074075 0.5879480439814815 0.5119735208333334 0.5892715925925925 0.5249651319444445 0.5887725601851852 0.5373252175925926 0.5846768611111111 0.5481772523148147 0.5771210625 0.5617475231481481 0.5659090532407407 0.570829800925926 0.5547046504629629 0.5749541365740741 0.5436047546296296 0.5736310092592593 0.531582275462963 0.5687683935185185 0.5221261226851852 0.5591379537037037 0.5086160416666666 0.5437512546296296 0.49928678703703705 0.5351217708333333 0.4883690578703704 0.5295975810185185 0.4758699236111111 0.5222202013888889 0.46776097685185186 0.5107066180555555 0.43737833796296294 0.4608382222222222 0.42884113425925924 0.4465653564814815 0.4243555023148148 0.42986693287037037 0.4265508634259259 0.41713746296296295 0.42404406712962966 0.4035619537037037 0.4170987800925926 0.39436668055555557 0.40904947453703705 0.38583254861111116 0.4081681527777778 0.3904782685185185 0.41883165740740735 0.4004462800925926 0.4236375949074074 0.41716856249999995 0.42145347685185186 0.4331220023148148 0.42763543518518515 0.44945104166666666 0.44199368518518517 0.4753146828703703 0.4607933310185185 0.5049804375 0.4741995439814815 0.5258146481481482 0.4798907986111111 0.5282221180555555