1 0.5917654814814814 0.37426197916666665 0.579626238425926 0.35115540277777774 0.566002462962963 0.3464264675925926 0.5565199837962963 0.3503656435185185 0.5541340486111112 0.35956705092592595 0.5630958541666666 0.37042154398148147 0.5693072060185185 0.3733705972222222 0.5917654814814814 0.37426197916666665
8 0.5532200115740741 0.4038464421296296 0.5546270671296296 0.4114721759259259 0.5621343773148149 0.4142179791666667 0.5704632222222222 0.41193093287037036 0.5802141412037037 0.40402644907407403 0.586281974537037 0.3854203912037037 0.5930302083333333 0.3804388356481482 0.5749816736111112 0.38425025925925926 0.5667951527777778 0.38798618749999997 0.5564911388888889 0.39695821296296296 0.5532200115740741 0.4038464421296296
9 0.5930559606481481 0.5481517546296296 0.6034236296296297 0.5465257499999999 0.6098872106481481 0.5386464375 0.6106138611111112 0.5326476666666666 0.6033263587962963 0.5053473680555556 0.5902256412037037 0.526037224537037 0.5861804189814814 0.5384412638888889 0.588093125 0.5445164930555555 0.5930559606481481 0.5481517546296296
11 0.44217595833333334 0.37859708564814815 0.47667739814814813 0.3815228958333333 0.4789372199074074 0.37773567361111116 0.47332640509259255 0.374202037037037 0.4501252662037037 0.3724463587962963 0.4343365532407407 0.37247056481481483 0.42216727083333333 0.3758503194444444 0.41736297685185186 0.3805270023148148 0.44217595833333334 0.37859708564814815
12 0.37739185416666665 0.3554102013888889 0.3787514675925926 0.36255297453703705 0.3865908726851852 0.3686794976851852 0.40696288425925925 0.3684268773148148 0.40870084027777775 0.3593270972222222 0.4140107916666667 0.3530999097222222 0.4125250648148148 0.3513713217592592 0.40125599305555554 0.3438210856481482 0.39009801851851855 0.34409983564814817 0.38505651157407406 0.3463617175925926 0.37739185416666665 0.3554102013888889
13 0.435537625 0.3713013912037037 0.4316809814814815 0.3655310393518519 0.42409499999999994 0.36868237962962963 0.4199386828703704 0.37325743518518517 0.422214712962963 0.3763332824074074 0.42929504398148144 0.3747324421296296 0.435537625 0.3713013912037037
10 0.6360928541666666 0.5063384745370371 0.6514336782407407 0.4955456828703704 0.6555972037037037 0.48545788657407407 0.6507118773148148 0.48342878703703707 0.6453889837962963 0.4912522962962963 0.6391089444444444 0.4988767523148148 0.6283710555555556 0.5040549189814815 0.615673775462963 0.5036001689814815 0.6103390046296296 0.5065337962962962 0.6222819050925926 0.5088536643518519 0.6360928541666666 0.5063384745370371
24 0.605451375 0.38045384722222225 0.6232368518518518 0.38500283333333335 0.6266240949074074 0.3813261689814815 0.6162568194444444 0.37596341203703704 0.6007569421296296 0.375599037037037 0.5914482453703703 0.37146790277777775 0.5880085092592593 0.3753268912037037 0.605451375 0.38045384722222225
25 0.5929784814814815 0.4729144050925926 0.5897595763888889 0.4783114768518519 0.5943088217592594 0.4912262291666667 0.6016487824074075 0.4991607222222222 0.6018966527777778 0.5064597083333333 0.608943 0.5018604999999999 0.6038091087962962 0.49253203472222223 0.5964353171296296 0.48425318749999996 0.5980666712962963 0.47700864120370373 0.608703125 0.4707979027777778 0.6064513541666666 0.46695764351851854 0.5929784814814815 0.4729144050925926
26 0.40353156944444446 0.40478338194444446 0.4076274976851852 0.39400736574074074 0.4237564791666667 0.38169332638888886 0.41659747453703705 0.38036997916666665 0.4213357175925926 0.37613276157407405 0.41780129398148147 0.3735421388888889 0.412702474537037 0.37888438888888887 0.40539633564814814 0.37129424537037037 0.4091680509259259 0.3762937662037037 0.4080318819444444 0.38381030787037035 0.4000409097222222 0.39310025000000004 0.3957759953703704 0.40215596296296297 0.4002907662037037 0.4147264652777778 0.41028683796296295 0.4163036782407407 0.41020731250000003 0.41072509490740744 0.40353156944444446 0.40478338194444446
17 0.3986394467592593 0.44084377314814815 0.4123515462962963 0.46594970601851854 0.431433537037037 0.48846616435185186 0.4535640949074074 0.5038649699074074 0.4799721851851852 0.5150988101851852 0.513201162037037 0.5242139375 0.5351395347222222 0.5281116064814815 0.5610505 0.5247467060185185 0.6119497500000001 0.5181621064814815 0.641294349537037 0.5163551574074075 0.6721669861111111 0.49194482870370365 0.6880586805555556 0.47722188657407405 0.7064713217592592 0.4547657060185185 0.7189519282407408 0.4339386967592592 0.725184974537037 0.4067531597222222 0.7279346550925927 0.3909463888888889 0.7167222430555555 0.37698018518518517 0.7082567430555555 0.3671257546296296 0.6941635023148147 0.36199819212962964 0.6789340439814815 0.3643866898148148 0.6600249236111111 0.37224402314814814 0.6502217314814814 0.3821683263888889 0.625526462962963 0.3835952685185185 0.6229776574074074 0.3871399421296296 0.643621412037037 0.3873964050925926 0.6523222615740741 0.3853329976851852 0.667854025462963 0.37171497685185184 0.687360363425926 0.3651616180555556 0.7099967407407407 0.37139593287037037 0.7184741180555555 0.38614025 0.7246659884259259 0.39670091898148147 0.7197706319444445 0.4041077175925926 0.7218089583333333 0.4153198055555556 0.7118167662037037 0.4423960833333333 0.6878220393518518 0.4748128819444445 0.6631399861111111 0.4954570324074074 0.6372640925925926 0.5134926481481481 0.5903156203703703 0.5173616597222223 0.5483538611111111 0.5242918541666667 0.5292300555555556 0.5251946550925927 0.4714509537037037 0.5094460416666666 0.4376353425925926 0.4895899722222222 0.41568380092592594 0.4664755740740741 0.40318675 0.4394317800925926 0.4369840208333333 0.3970907847222222 0.4682623310185185 0.3768102453703704 0.4703473819444444 0.370412525462963 0.45732163425925926 0.37992376157407404 0.4374672870370371 0.39247241203703703 0.4259876412037037 0.40440644444444446 0.40843011574074073 0.4260296898148148 0.3986394467592593 0.44084377314814815
17 0.5599890208333334 0.3851377731481481 0.5668569467592592 0.40258062037037035 0.566870162037037 0.42179783333333337 0.5710945439814815 0.4504882245370371 0.5761032083333334 0.4490038773148148 0.5719583518518518 0.42589206481481484 0.5708189513888888 0.4047550162037037 0.5598418865740741 0.3788709722222222 0.5355033171296296 0.35053939351851854 0.5251692199074074 0.3455210902777778 0.49851644444444443 0.35564137268518514 0.4774344814814815 0.3652376157407407 0.4709386851851852 0.3699807638888889 0.4975035671296296 0.35964398379629625 0.5240217777777778 0.34814716435185183 0.5398152708333334 0.3610452430555555 0.5599890208333334 0.3851377731481481
18 0.6541624328703703 0.3888881527777778 0.6606453379629629 0.3833288356481482 0.7058849166666666 0.3954530162037037 0.7177277268518518 0.41106765046296295 0.7139254189814814 0.4343773680555556 0.7194649930555556 0.4478356226851852 0.7141640023148148 0.45111311805555554 0.7004306898148148 0.4448806273148148 0.6922137060185185 0.44232508101851853 0.6795621689814815 0.4471050462962963 0.6660555185185184 0.4527179421296296 0.6632647986111111 0.4576982013888889 0.6557352361111112 0.4669162638888889 0.6383792361111111 0.4762773171296296 0.6091943333333333 0.4892413287037037 0.5900479699074074 0.49469025 0.5751790902777777 0.4959737152777778 0.5663887314814815 0.5018949212962963 0.5629451087962963 0.5097733518518519 0.5507230486111111 0.5284633541666667 0.535821636574074 0.5437293217592593 0.5265255069444444 0.5588154976851852 0.5150049097222222 0.566213375 0.5018581875 0.5707213425925927 0.48261103935185184 0.5751375925925926 0.46382525694444443 0.5794814837962963 0.4393659791666667 0.5833175300925926 0.4150982962962963 0.5843282430555555 0.4016015787037037 0.5805042777777778 0.38858881944444446 0.5720623194444444 0.38639338194444445 0.5640198101851852 0.37565360648148144 0.5548717175925926 0.37085838425925927 0.5489842384259259 0.37437964120370365 0.5323581296296296 0.37837413194444447 0.5205495462962964 0.37732613425925926 0.5098809606481481 0.3768853865740741 0.4910804560185185 0.37638830787037036 0.4764822013888889 0.37317809490740744 0.4581160439814815 0.3746848194444445 0.4400580925925926 0.38098676851851854 0.4278876226851852 0.3890910486111111 0.4245201342592593 0.3933560046296296 0.4154649050925926 0.40125677546296296 0.4100323842592593 0.41115141666666666 0.4105770277777778 0.41591281018518517 0.4161201574074074 0.42251031481481477 0.4308101342592593 0.425076962962963 0.4283111342592592 0.42086579166666666 0.4188379537037037 0.4153051689814815 0.4110127962962963 0.40802116666666666 0.4072447986111111 0.3973923425925926 0.4096483402777778 0.3898330671296296 0.41648085185185185 0.383941875 0.42354264351851856 0.3773076805555555 0.4297386898148148 0.37145662962962966 0.44391381712962963 0.37064412731481483 0.46245480324074073 0.37396807407407406 0.48623872453703704 0.3753642337962963 0.5140083842592593 0.37414006712962966 0.5250029166666667 0.3691428842592593 0.5378166574074074 0.3676415694444444 0.5493455462962963 0.3710192222222222 0.556917724537037 0.3844093287037037 0.5658654421296296 0.38732836111111113 0.5754735972222222 0.39371100694444444 0.5801195416666667 0.41488274305555556 0.5878473263888888 0.4341786226851852 0.5865394398148148 0.47306341898148146 0.5801952916666666 0.4958704513888889 0.5744091203703704 0.5177998009259259 0.5697418912037038 0.5312113564814814 0.5588005046296296 0.5450881898148148 0.539192863425926 0.5557633194444445 0.527206988425926 0.5625473356481482 0.5158313726851852 0.5725653587962962 0.5005118287037037 0.5830754328703703 0.4968994398148148 0.5922967847222222 0.4969263819444445 0.6081997777777778 0.4912402337962963 0.6241740763888889 0.4862799768518518 0.6473326967592592 0.4735637384259259 0.6644531990740741 0.4635133402777778 0.6773507592592592 0.4506885092592593 0.6889911574074075 0.44517999537037034 0.6958238935185185 0.4443540810185185 0.7109217337962962 0.45057902083333334 0.7160704537037037 0.45271736342592594 0.7210444467592593 0.4497280185185185 0.7209938194444445 0.445562162037037 0.7160497592592593 0.4320977986111111 0.7213222615740741 0.4086840277777778 0.7133494884259259 0.39790441435185187 0.7020715046296296 0.3903438078703704 0.6811610324074074 0.3852756828703704 0.6646319537037038 0.38123926157407406 0.6574989953703704 0.3823579513888889 0.6496388055555555 0.3894828587962963 0.6478287361111111 0.3978686435185185 0.6494663981481481 0.4044862361111111 0.6480363425925927 0.4167405347222222 0.646779875 0.42405722453703704 0.6349098194444445 0.4305835416666667 0.6319134050925925 0.4369461319444444 0.6305144212962963 0.4428120092592593 0.6292335856481481 0.4498873217592593 0.6263083842592593 0.45697484027777774 0.6211529606481482 0.4614662916666667 0.608096513888889 0.4659689282407407 0.6095742268518519 0.4692636458333333 0.6253207268518518 0.46260064351851854 0.6320966087962964 0.4552480787037037 0.6348535023148147 0.4499234699074074 0.6336146087962964 0.4420805972222222 0.6491801990740741 0.42880692824074074 0.6531289907407407 0.4117641111111111 0.6542651550925925 0.40424756944444445 0.6541624328703703 0.3888881527777778
19 0.5238037453703703 0.5300095902777778 0.5170988726851852 0.5455465925925926 0.5181749999999999 0.5497968171296296 0.5251666226851852 0.5572930902777778 0.5243139351851852 0.5687202523148148 0.5236738425925926 0.5722578587962963 0.5380603773148148 0.5812954814814815 0.5479156574074074 0.5944804907407407 0.5501294583333333 0.5902046921296296 0.5407492199074074 0.5818555625 0.5393728217592593 0.5778976296296296 0.5314877245370371 0.5747152824074074 0.5271928310185184 0.5712150694444444 0.5277525972222222 0.5534503032407407 0.5224138773148148 0.5493777083333333 0.5205234837962963 0.5435363333333333 0.5255912731481481 0.531448099537037 0.5494670856481482 0.5365420486111111 0.581719400462963 0.5565255972222223 0.595258724537037 0.5602943333333333 0.6061488587962963 0.5605509351851852 0.6192052592592593 0.5560478148148148 0.6287256527777778 0.5457162037037038 0.6347898310185185 0.5337173935185185 0.635777150462963 0.5203050625 0.637088412037037 0.5068414351851852 0.6309817291666667 0.4915953587962963 0.6264018472222221 0.48519400462962964 0.6175678587962963 0.4824056759259259 0.5987774398148148 0.4821611273148148 0.5852856041666666 0.4788758356481481 0.5816552175925926 0.47207987731481477 0.587553113425926 0.45838829398148145 0.5921543981481482 0.44490005787037035 0.5932129768518519 0.4322131342592592 0.5895740578703703 0.4219812986111111 0.5879827060185185 0.40578137268518516 0.5834254097222222 0.3895562083333334 0.575143837962963 0.3756330115740741 0.55551425 0.36349005787037036 0.5321201805555555 0.3566021921296296 0.5125941087962963 0.3488620023148148 0.5021388726851852 0.34632793981481486 0.4946337893518518 0.34701410185185183 0.48126858796296296 0.3483736388888889 0.4562624097222222 0.34517533333333333 0.4349170856481482 0.34238515277777776 0.4177716805555555 0.34212829861111116 0.3907405208333333 0.3350742685185185 0.3704108958333333 0.32966984953703704 0.3584768842592592 0.3288403819444444 0.3485515763888889 0.32499622916666665 0.3299097962962963 0.30950633564814817 0.3336352083333334 0.31726965972222226 0.3437115648148148 0.32600050462962965 0.36339603935185183 0.3319974907407407 0.3869240902777778 0.336900287037037 0.4119862476851852 0.3440174328703704 0.42526500231481484 0.3451268888888889 0.44301089814814815 0.3447986759259259 0.4672113449074074 0.34984170833333333 0.4880895162037037 0.3512319930555556 0.4994138078703704 0.3492102662037037 0.5285096412037037 0.3571684467592593 0.5486137337962963 0.3640814027777778 0.5651744189814815 0.37179528240740745 0.5755510462962963 0.38023383564814817 0.5833977175925926 0.3964344953703704 0.5854714143518519 0.4108399189814815 0.5865640069444444 0.4219624837962963 0.589807675925926 0.4315197268518518 0.5900615902777778 0.4408092824074074 0.5859505324074074 0.45593899537037036 0.5789375046296296 0.4683323101851852 0.5788826643518519 0.4744787615740741 0.5865704513888889 0.48235723379629625 0.6019185277777778 0.4841234421296296 0.618162625 0.485258724537037 0.6261902361111111 0.48989188194444444 0.6313157662037037 0.5018546203703704 0.6344485740740742 0.5136389953703704 0.6335721180555555 0.5248241921296296 0.6300622430555556 0.5393692199074075 0.6216094467592592 0.5505151736111111 0.6117090393518518 0.5569782731481481 0.6003134444444443 0.5582741087962964 0.586964125 0.5564396296296297 0.5747603657407407 0.5495151064814815 0.5568470509259259 0.5380852569444444 0.5450629074074074 0.5320767013888889 0.532614949074074 0.5293642777777778 0.5180548703703703 0.5252647407407407 0.5066343703703704 0.5162533217592592 0.46186896064814814 0.47613578240740745 0.44921392824074075 0.46461734722222225 0.4398647592592593 0.44987980092592594 0.4383057060185185 0.43735772222222224 0.4318354328703704 0.42511499305555556 0.4222493032407407 0.418025625 0.41176241435185185 0.4118136226851852 0.41225196296296296 0.4164020231481481 0.42575207638888884 0.42336843287037035 0.4354258819444445 0.4380550648148148 0.4379423148148148 0.45361852314814816 0.4488652361111111 0.4676183611111111 0.47069461805555557 0.4887456898148148 0.49804424305555556 0.512444474537037 0.517453400462963 0.5290414884259259 0.5238037453703703 0.5300095902777778