0 0.619646484375 0.67399609375 0.6164731453125001 0.6711770828125 0.6118896484375 0.6772845046875 0.6147104484375 0.6857408859375 0.619646484375 0.6857408859375 0.6214091796875 0.6815123703125 0.619646484375 0.67399609375
4 0.6214091796875 0.6312454421875 0.6203515625 0.6143326828125 0.6118896484375 0.6063463546875 0.6090693359375 0.6115143234375 0.6164731453125001 0.6195006515625 0.61612060625 0.6594322921875 0.6083642578124999 0.6697682296874999 0.6224667968750001 0.6641302078125 0.621056640625 0.6556744796875 0.6214091796875 0.6312454421875
4 0.5449008796875 0.6866803390625 0.5579462890625 0.7073509109375 0.5614716796875 0.7186263015625001 0.565350096875 0.7148678390625001 0.5649975578124999 0.7092304687500001 0.5688759765625 0.7078209640625001 0.5642924812500001 0.7032649734375 0.5441958 0.6824524734375 0.5329135734375 0.6848014328125 0.53185595625 0.68996875 0.5449008796875 0.6866803390625
4 0.4740336921875 0.7893951828125 0.4708608390625 0.7879856765625 0.465572265625 0.791744140625 0.471213378125 0.7973815109375 0.475796875 0.7964420578125 0.4747392578125 0.8063079421875001 0.4705083015625 0.8236901046874999 0.46204638593749997 0.8368437500000001 0.4645146484375 0.841072265625 0.4694501953125 0.8330859374999999 0.47438623125 0.8462395828125 0.4786171875 0.8435885421875 0.4736811515625 0.8297968750000001 0.4803803703125 0.8030188796875001 0.48002783125 0.7936236984375 0.4740336921875 0.7893951828125
2 0.4835532234375 0.51398828125 0.489520528125 0.5186861984375 0.492534425 0.5186861984375 0.48249560625 0.50694140625 0.45816796875000004 0.48814973906250003 0.420442871875 0.4721770828125 0.41726953125 0.4773444015625 0.4267890625 0.477814453125 0.4511166984375 0.4876796875 0.4676875 0.4980149734375 0.4835532234375 0.51398828125
2 0.44371240156249997 0.5548600265625 0.429257325 0.5694231765625 0.4193852546875 0.5839869796875 0.41726953125 0.5947916671875 0.420442871875 0.60935546875 0.42784667968749995 0.6417708328125 0.43419335937500003 0.6629114578124999 0.431372559375 0.6812330734375001 0.431372559375 0.6972057296874999 0.4387768546875 0.7117695312500001 0.44935400468750003 0.7221048171875 0.45605273437499994 0.7424166671875 0.45499511718749996 0.7621477859375 0.4599311515625 0.7776503906250001 0.465572265625 0.7936236984375 0.4701557625 0.7865768234375 0.46098876874999994 0.770603515625 0.4585205078125 0.7442955734375001 0.4557001953125 0.7264433593749999 0.44406542968749996 0.7090611984375 0.4334877921875 0.6916790359375 0.4359560546875 0.6710084640625 0.43630859375000003 0.657384765625 0.42819921875 0.6306067703125 0.4200903328125 0.598080078125 0.423263671875 0.5835169265625 0.43066747968749997 0.5736510421875 0.4419497078125 0.5595579421875 0.4578154296875 0.5525110671875 0.46804003906249997 0.544994140625 0.47156591875 0.537947265625 0.47332861406250004 0.5276119796875001 0.48425830156250005 0.52103515625 0.49250457968749994 0.5217928374999999 0.49131005781250003 0.5200950515625 0.489520528125 0.5186861984375 0.4814379890625 0.5186861984375 0.4701557625 0.5262024734375 0.4687451171875 0.5388867187499999 0.45816796875000004 0.5464036453125 0.44371240156249997 0.5548600265625
2 0.49377783124999997 0.6079459640625 0.4814379890625 0.6300260421874999 0.475796875 0.6497571609375 0.47438623125 0.6680787765625 0.47720703125 0.69062890625 0.482143065625 0.7122389328125001 0.48919433593750006 0.7272721359375 0.5004770515625 0.7432454421875 0.509291015625 0.7535807296875 0.518810546875 0.7540501296875 0.5382021484374999 0.7526412765625 0.5431381828124999 0.7423053390625001 0.549484375 0.7244537765625 0.55089453125 0.714587890625 0.5466640625 0.6981451828125 0.5441958 0.6859309890625 0.543490721875 0.670427734375 0.5456059578125 0.6572740890625 0.5459584953125 0.645529296875 0.5449008796875 0.63425390625 0.5484267578125 0.6168717453125 0.5551254875 0.598080078125 0.5614716796875 0.5863359375 0.559708984375 0.5727115890625 0.5568881828125 0.5600273437500001 0.552657715625 0.550162109375 0.5382021484374999 0.5393567703125 0.5240991203124999 0.5332493484375 0.5131694328124999 0.5243235671875001 0.4965986328125 0.5186861984375 0.492534425 0.5186861984375 0.4954186734375 0.5220605890625001 0.49250457968749994 0.5217928374999999 0.50717578125 0.5426451828125 0.5163427734375 0.5567389328125001 0.51528466875 0.5642552078125 0.50717578125 0.5844563796875 0.49377783124999997 0.6079459640625
2 0.4923676765625 0.7009641921875 0.46698242187499994 0.6990852859375 0.45252685625 0.6948567703124999 0.44018701250000003 0.6849915359375001 0.424673828125 0.6770052078125001 0.41691699218749995 0.6690182296875 0.40598730468750005 0.6624414062499999 0.3834228515625 0.6591529953124999 0.3717875984375 0.6661998703124999 0.359095215625 0.6807630203125 0.3548642578125 0.6972057296874999 0.34710790937499997 0.7127089843750001 0.33794091718749997 0.719755859375 0.32348535156249997 0.7211653640625 0.3157290046875 0.7150579421875001 0.3072670890625 0.696736328125 0.3002158203125 0.667609375 0.29845263593750004 0.6445891921875 0.3012734375 0.6220397140625 0.3076196296875 0.5999596359375 0.3157290046875 0.5599166671875 0.3227802734375 0.535017578125 0.328773925 0.5148170578125 0.3322998046875 0.5016627609375 0.3400561515625 0.49414648437500003 0.34675537031250003 0.48897851562500005 0.35274902343750003 0.49038802031250006 0.36085791093749997 0.49696484375 0.3739033203125 0.5058906249999999 0.38624316406250003 0.5138776046875 0.39541015625 0.5185755203125 0.40387207031249994 0.510119140625 0.4084555671875 0.5026022140624999 0.412333496875 0.49320637968750003 0.4112758796875 0.48240169218749995 0.41021826250000004 0.4697174484375 0.40387207031249994 0.4528046875 0.3985834953125 0.43730143281249995 0.3876538078125 0.42273828125 0.383775390625 0.4246171875 0.3964677734375 0.4378821609375 0.40387207031249994 0.4590227859375 0.4095131828125 0.4754654953125 0.4091606453125 0.49284765625000004 0.40422460937500004 0.5022434890625 0.3964677734375 0.5121087234374999 0.3848330078125 0.5092903640625 0.36967236406250004 0.4980149734375 0.359095215625 0.4900286453125 0.35063330000000004 0.48345182343750004 0.3432294921875 0.4853307296875 0.33547265625 0.4923776046875 0.32701123125 0.5088203124999999 0.32313281250000003 0.5257330734375001 0.31431835937499997 0.5553294265625001 0.3037412109375 0.5977213546875 0.29986279374999997 0.61604296875 0.29563232500000003 0.638123046875 0.2963374015625 0.661142578125 0.3030361328125 0.6930885421874999 0.3132607421875 0.7189270828125001 0.3259536125 0.7259739578125 0.3404086921875 0.724564453125 0.34746045 0.7189270828125001 0.352396484375 0.71141015625 0.359095215625 0.6926184890625 0.36720458906250003 0.6766458328125 0.3774292 0.6639615890624999 0.39329492187500004 0.6630221359374999 0.407044921875 0.66725 0.42114795000000005 0.67946484375 0.43489843749999996 0.687451171875 0.45393701249999996 0.6987259109374999 0.4666298828125 0.70436328125 0.4786171875 0.7071822921875001 0.4898994140625 0.7057727859375 0.5170478515625 0.701544921875 0.532561034375 0.69127734375 0.53185595625 0.6854609375 0.5163427734375 0.6948567703124999 0.4923676765625 0.7009641921875
2 0.611537109375 0.49044335937500005 0.614357909375 0.47728906249999997 0.6147104484375 0.4650748703125 0.6122421874999999 0.45192057343750003 0.6062485343749999 0.43688737031249997 0.597787109375 0.4307799484375 0.589677734375 0.419974609375 0.582626465625 0.40682096406249996 0.5674658203125 0.3955455734375 0.5565356453125 0.38849869843749996 0.5456059578125 0.3894388015625 0.53185595625 0.3927272140625 0.5191630859374999 0.3993040359375 0.510701659375 0.41198828125000003 0.5029448234375 0.42796158906250004 0.49906640625 0.44440364531250004 0.49906640625 0.4599069015625 0.500829590625 0.4730611984375 0.505765625 0.48010807343749995 0.5131694328124999 0.49373177031250004 0.52374658125 0.5064160156249999 0.5322084953124999 0.5242682296875001 0.539259765625 0.534603515625 0.5459584953125 0.5430598953125 0.555830565625 0.5524557296875 0.5646450203125 0.5618509109375001 0.5695810546875 0.5754752609375 0.5815683593750001 0.5905084640625 0.5880019812499999 0.5974321296875 0.5912367546875 0.5929830703125 0.594807921875 0.5955453203125 0.5981396484375 0.590646484375 0.602017578125 0.5812513015625 0.6030756828125 0.5643385421875 0.6048383796875 0.5491666671875 0.60801171875 0.5360130203125 0.61083203125 0.5242682296875001 0.6097744140625 0.5111139328125 0.611537109375 0.49044335937500005
2 0.5642924812500001 0.6558365890625 0.5530102546875 0.6760377609375 0.5424331062500001 0.6906009109375 0.527625 0.7065742187499999 0.51810546875 0.7201979171875 0.506470703125 0.7263053390625 0.49800878906249996 0.7287649734375 0.49060498125 0.737220703125 0.48531640625000005 0.750375 0.47614941406250005 0.7602408859375 0.460283690625 0.76634765625 0.4486484375 0.7715156249999999 0.43771875 0.7724550781249999 0.428552246875 0.7621197921875 0.42114795000000005 0.7522545578125001 0.41198095625000003 0.7367513015625 0.4045771484375 0.7104427078125 0.3999936515625 0.6958795578125 0.3943525390625 0.6817858078125 0.39611523437499996 0.6625247390625 0.3929423828125 0.66393359375 0.3915317375 0.6733294265625 0.39329492187500004 0.6902421875 0.39717285156250004 0.7005774734375 0.401403809375 0.7137317703125 0.405634765625 0.726416015625 0.41198095625000003 0.742388671875 0.4190327140625 0.7569524734375 0.42784667968749995 0.7672877609375 0.4359560546875 0.77668359375 0.442302246875 0.77668359375 0.45393701249999996 0.7748040359374999 0.4648671875 0.7691666671874999 0.4747392578125 0.7658782546875 0.48249560625 0.7607102859375 0.49060498125 0.74849609375 0.4951884765625 0.735341796875 0.50470751875 0.7311139328125 0.51528466875 0.7268854171875 0.52374658125 0.7170201828125 0.5364394531250001 0.7048053390625 0.5477216796875 0.6897721359375 0.558298828125 0.6733294265625 0.5688759765625 0.6526588546875 0.5720493156249999 0.6423235671875 0.5805107421875 0.6296393234375001 0.582626465625 0.6216529953125 0.5879150390625 0.6056803390625001 0.5913034609375 0.6006981390624999 0.5907353515625 0.6003736984375 0.5880019812499999 0.5974321296875 0.5872094718749999 0.5985221359375 0.582626465625 0.61120703125 0.5769848625 0.6271796875 0.5695810546875 0.6365755203125001 0.5642924812500001 0.6558365890625
0 0.60625 0.6734375 0.6078125 0.678125 0.5921875 0.690625 0.575 0.69375 0.571875 0.6921875 0.571875 0.6875 0.575 0.684375 0.5828125 0.684375 0.596875 0.6765625 0.6046875 0.675
0 0.6234375 0.66875 0.63125 0.675 0.6421875 0.6796875 0.659375 0.6765625 0.6609375 0.684375 0.6484375 0.690625 0.634375 0.690625 0.625 0.6828125 0.621875 0.6703125
0 0.5671875 0.7078125 0.5703125 0.703125 0.575 0.703125 0.590625 0.6953125 0.6015625 0.6953125 0.6 0.703125 0.5921875 0.709375 0.578125 0.7125 0.56875 0.7078125
0 0.5640625 0.7234375 0.5640625 0.7296875 0.559375 0.740625 0.553125 0.7515625 0.5484375 0.75625 0.5453125 0.75625 0.55625 0.7328125 0.5640625 0.725
0 0.478125 0.8484375 0.4984375 0.8546875 0.50625 0.865625 0.503125 0.8703125 0.4984375 0.871875 0.4875 0.8703125 0.4796875 0.859375 0.478125 0.85
0 0.44375 0.8390625 0.459375 0.840625 0.459375 0.846875 0.45 0.859375 0.440625 0.859375 0.4265625 0.8515625 0.4265625 0.84375 0.4296875 0.840625 0.4421875 0.8390625
0 0.44375 0.8390625 0.459375 0.840625 0.459375 0.846875 0.45 0.859375 0.440625 0.859375 0.4265625 0.8515625 0.4265625 0.84375 0.4296875 0.840625 0.4421875 0.8390625