0 0.6072610421875 0.6338373625 0.6011064390625 0.630806078125 0.60213045 0.6332688578125001 0.5852527015625 0.6623725125 0.5894084609375 0.665862375 0.594108725 0.6644666515625001 0.598542009375 0.6596410265625 0.6072013203125 0.6401986171875 0.6072610421875 0.6338373625
0 0.6235345671875 0.6159805484375 0.6171568921875 0.62077619375 0.6294116453124999 0.627327321875 0.6364374500000001 0.62254166875 0.636551621875 0.6156918546875 0.6235345671875 0.6159805484375
0 0.6255597671875 0.586158490625 0.6163559546874999 0.610486484375 0.634454425 0.6053821609375001 0.641643578125 0.59913083125 0.64743811875 0.5820912421875 0.6429609296875001 0.575660034375 0.6358859453125 0.5750615484375 0.6255597671875 0.586158490625
0 0.3343401921875 0.6942298453125 0.313545571875 0.6943986203125 0.27939664999999997 0.7095328296875001 0.3108230609375 0.7188265484375 0.3213564984375 0.7175207640625 0.331459603125 0.714250753125 0.338594309375 0.7084879828124999 0.3402225421875 0.6997039234375 0.3343401921875 0.6942298453125
0 0.2679322890625 0.7250168046875001 0.2713854703125 0.72898523125 0.278460453125 0.729583715625 0.2862432890625 0.723830940625 0.28835630156250003 0.7165225484375 0.284037190625 0.7144983609375 0.269669425 0.7152556265625 0.2679322890625 0.7250168046875001
0 0.26615124843750004 0.7235211484375 0.26729470312500003 0.7132614187499999 0.263732621875 0.7102701078125 0.259952740625 0.7092330312499999 0.2605903265625 0.720988415625 0.25302002031250004 0.730659653125 0.2389139609375 0.7407195171875001 0.23620726718750001 0.7475293578125 0.24425708125 0.7452064843749999 0.26615124843750004 0.7235211484375
0 0.2779247640625 0.6644855093750001 0.252054003125 0.6635972203125 0.228781034375 0.6568762078125 0.2180842484375 0.659647665625 0.21829677812499998 0.663566128125 0.225638740625 0.667594515625 0.244701496875 0.6713142249999999 0.266846828125 0.6706768796875 0.2779247640625 0.6644855093750001
0 0.2655892 0.687786421875 0.26422267499999996 0.7058730796875 0.2735687484375 0.70357019375 0.282163065625 0.6963617359375001 0.2859534921875 0.6856534203125 0.2866174390625 0.6680453265625 0.28078426562500003 0.6679553874999999 0.2655892 0.687786421875
0 0.2989868765625 0.71085576875 0.287283934375 0.68820950625 0.2826882546875 0.6975272593749999 0.2989868765625 0.71085576875
4 0.615148 0.6074605078124999 0.5953948171875 0.6160698375 0.5592388953125 0.611510065625 0.5561995703125 0.5998204234375 0.5494165609375 0.6000799515625 0.551416040625 0.6081148859375001 0.5564256078125001 0.6151053640625 0.5720755609375 0.61752938125 0.5902148828125 0.619264534375 0.6018419828125 0.631814325 0.605293875 0.6311398125000001 0.5986407234375 0.621577653125 0.6188277656250001 0.6222525328125 0.6163425359375 0.618576028125 0.6043433765625 0.61802690625 0.6146229265625001 0.6123640124999999 0.615148 0.6074605078124999
4 0.28085764375 0.70690966875 0.2678143953125 0.7070721828125001 0.256065871875 0.6956118796874999 0.2518163328125 0.6904527015624999 0.2587696578125 0.6800084890625 0.27005343125 0.6739974578125 0.262910340625 0.673159584375 0.248813921875 0.682765925 0.24322855625 0.68959255625 0.2486798765625 0.6969534671875001 0.26111235312500003 0.706605225 0.26776969687499996 0.7118015265625 0.2710554640625 0.71694584375 0.27575448593749996 0.713743734375 0.26981741718749996 0.7107412515625 0.28069151875 0.712728496875 0.28085764375 0.70690966875
4 0.291976246875 0.6634204328125 0.31157706093750004 0.6477139484375 0.312224746875 0.64190254375 0.3021958296875 0.6366542578125001 0.29613309375 0.6391076046874999 0.30371375 0.6446817671875 0.2867195890625 0.66297526875 0.27560188124999996 0.6631679625 0.277001865625 0.6679195796874999 0.2871969046875 0.6673490375 0.28891656875 0.673560565625 0.291976246875 0.6634204328125
2 0.3675210296875 0.44009783281250003 0.36391923125000003 0.4291267625 0.3640448421875 0.42367142031249994 0.3560237859375 0.4177263578125 0.3538672625 0.40677806250000004 0.351430975 0.3940058703125 0.3460521921875 0.39465067187499997 0.350293296875 0.40854204843749997 0.353692759375 0.421328603125 0.3598280296875 0.4268809671875 0.36374886093750003 0.43931193593750006 0.3595683703125 0.44652385156249996 0.36778757500000003 0.45501928437499994 0.375282428125 0.4656857796875 0.374711465625 0.47513704062500006 0.3791550171875 0.487211959375 0.379385296875 0.4981305546875 0.3873253859375 0.5048021046875 0.39033263281249997 0.5081230359375 0.36640615 0.51503098125 0.34946506875 0.5198634296875 0.347372053125 0.52565255 0.35314724218750004 0.5301075140625 0.35423597500000004 0.5246670234375 0.35704926718749996 0.521071725 0.373868921875 0.5173287625 0.395549484375 0.5089312078125 0.420993184375 0.5100512484374999 0.45530447812499997 0.51385484375 0.474924153125 0.51961463125 0.49441880937500005 0.5308302578124999 0.515515840625 0.5449815296875 0.5355772140624999 0.551112240625 0.54716315625 0.5640255062499999 0.5539740546874999 0.576500546875 0.5545246078125 0.5888795515624999 0.550982665625 0.5990127390625 0.5587692546875 0.5984050640625 0.560064625 0.58678225625 0.55499025625 0.5630543421875001 0.5351801625 0.5460124625 0.5079805328125 0.5346780343749999 0.483511928125 0.520474778125 0.4661828234375 0.5114757453125 0.4442314703125 0.50931819375 0.4041009921875 0.5057884984375 0.3918220171875 0.5034159671875 0.38476408125 0.497485753125 0.3859784828125 0.4865894328125 0.3808914375 0.4759600625 0.38070166875 0.4646779796875 0.37047879375 0.4525134640625 0.36438462656250004 0.4465981109375 0.3675210296875 0.44009783281250003
2 0.4958271703125 0.5268501640625 0.4998785078125 0.5294594578125 0.5045196125 0.5440842484374999 0.5081130328125 0.5637870296874999 0.51239465 0.57731491875 0.522099046875 0.5854691453124999 0.540229990625 0.5959360078125 0.5521041828125 0.6019404828125 0.55884184375 0.6064102890624999 0.5775841500000001 0.6070633828124999 0.58918276875 0.606878103125 0.6113044328125 0.5988509718749999 0.6289336546875 0.587844121875 0.634842890625 0.578111546875 0.6260206453125 0.570698659375 0.6137458609374999 0.5639602734375 0.6040456515625 0.5514401953125 0.5885696046875 0.5344651390624999 0.567436253125 0.5163114984375 0.550625028125 0.511322259375 0.5310814828125 0.5092018328125001 0.5084099140625 0.50484996875 0.48831291875 0.49471641406250005 0.45842502031250004 0.48152144531249996 0.4420995453125 0.472173775 0.4331558765625 0.4658503734375 0.43677808437500004 0.45499117812499995 0.44173257499999996 0.4365120390625 0.4437077078125 0.427446540625 0.4392642109375 0.4153711359375 0.4322998109375 0.39561686875 0.44061684999999995 0.3859214171875 0.44383427500000006 0.37869416562499997 0.4590320484375 0.35054927812500003 0.4547741328125 0.3541218109375 0.44653381718749996 0.3674571203125 0.4387346609375 0.38116236406250004 0.4296527015625 0.3933928484375 0.42888353749999997 0.400294225 0.43941352499999997 0.42701621875000007 0.43297024375 0.450202921875 0.42869970156250004 0.46687351250000003 0.45200279375 0.48287789375 0.4902754296875 0.4987489703125 0.5066818718749999 0.5073701546875 0.5222103484375 0.51088414375 0.5436801375 0.513034271875 0.5582049828125 0.5168969 0.5664689421875 0.520662503125 0.5756924296875 0.5288093125 0.5936161421875 0.5454579953125 0.608731403125 0.56133613125 0.62240616875 0.5728261328124999 0.6295046156249999 0.5783928609375 0.6279342671875 0.583826415625 0.6153641484375 0.592728553125 0.593562109375 0.602216084375 0.576341859375 0.6052251359375 0.5578019453125 0.6027560703125 0.5356203140625 0.589679921875 0.5203389296875 0.579620615625 0.5130465234375 0.5671376609375 0.50997093125 0.5514451625000001 0.5025696703125 0.5269541249999999 0.49430576562499995 0.52318803125 0.46864280625 0.5413483625 0.45125224218750004 0.554542096875 0.43711955781249995 0.56014558125 0.4160419828125 0.5674610765625 0.40375522343750003 0.5738207562500001 0.38432053125 0.5837084109374999 0.3697425546875 0.5933073249999999 0.3550117234375 0.5956270265625 0.32178078593750004 0.59511465 0.30868440625 0.6087387078125001 0.29723031718750004 0.624934425 0.2868571765625 0.6444218609375 0.2755614265625 0.663530959375 0.2647231109375 0.6724598015625001 0.27065641875 0.672915396875 0.28290690937499996 0.6625528593750001 0.28905899375 0.6506413125 0.30103875 0.629723178125 0.314503646875 0.6084643203125 0.318203225 0.6012449906249999 0.3286809765625 0.59813198125 0.3430076734375 0.5994442359375001 0.3683341390625 0.597287909375 0.3806620046875 0.5905652390625 0.3993353703125 0.5788462640625001 0.43089488749999993 0.564051903125 0.447755053125 0.559945453125 0.46285505000000005 0.5499909625 0.48225282500000005 0.5361004421875 0.4958271703125 0.5268501640625
2 0.38531224062499997 0.42763752187500004 0.3862669296875 0.436384571875 0.3934783671875 0.4495940125 0.40354779531249996 0.4544788125 0.4156641859375 0.458304303125 0.4330343984375 0.4669403484375 0.4363124375 0.4808163859375 0.4320013875 0.4978504640625 0.42833866875000004 0.5090731468749999 0.428690425 0.518901771875 0.4187625796875 0.5343937750000001 0.3990697796875 0.5391691 0.4046202671875 0.540530684375 0.403749165625 0.5407402890624999 0.3997176984375 0.5434875296875 0.4026994640625 0.5443334156249999 0.41602252812499996 0.5459943078125 0.42232811249999996 0.5413619875 0.42571166250000003 0.52831590625 0.434267359375 0.5208073421875 0.44744889531250004 0.5020909421875001 0.4529575375 0.49162445468750005 0.45489215937500005 0.48292244375 0.46224607500000003 0.47321214375 0.4637843484375 0.45940987499999997 0.46584882656250004 0.440886178125 0.46967767031249996 0.423844665625 0.4667199609375 0.41142854531250006 0.4568166578125 0.400724915625 0.44341686874999997 0.395424165625 0.430936096875 0.3948681078125 0.416686178125 0.3971952203125 0.40584345156249996 0.40357716562499996 0.393512046875 0.41466570156250004 0.38531224062499997 0.42763752187500004
2 0.28300139999999996 0.6054317703125001 0.27314344375 0.5899988078125 0.26813741874999997 0.578642465625 0.2700762859375 0.5655741078125 0.27590809374999997 0.552202153125 0.290886665625 0.5433371499999999 0.3022514078125 0.53659963125 0.332155471875 0.5323306765625 0.350456078125 0.5326128484375 0.3708008140625 0.536201096875 0.3891376875 0.5404861249999999 0.3928452359375 0.54153790625 0.396007075 0.5399117765625 0.3990697796875 0.5391691 0.380917278125 0.534716128125 0.3581348484375 0.5310560359375 0.33616006249999997 0.528590290625 0.31866490937499997 0.5309202203125001 0.293214128125 0.5371454453125 0.27842362187499997 0.5461347187500001 0.27048931249999997 0.5554660859375 0.2649234984375 0.568851440625 0.2654306375 0.5839850859375 0.272767675 0.5996968 0.283986984375 0.617123028125 0.2868156546875 0.6311105718750001 0.2968710953125 0.6393015296875 0.298824903125 0.63660228125 0.29100629218749996 0.62884075625 0.28960985156249996 0.619723271875 0.28300139999999996 0.6054317703125001
2 0.3976442234375 0.5449004984375 0.3997176984375 0.5434875296875 0.3928452359375 0.54153790625 0.37905283437500004 0.5486313125 0.370156225 0.5553481578125 0.3583308140625 0.5714735515625 0.3578549859375 0.5785566140625 0.34326989218750004 0.5913301453125 0.3446441015625 0.5986781125 0.353135659375 0.6068444671875 0.3600181546875 0.6069505859375 0.3669319359375 0.6011486828125 0.362864915625 0.6010859749999999 0.3562929765625 0.6038207078125 0.35074335625 0.6001904296875 0.3479097578125 0.5918744421875 0.3660203046875 0.572774009375 0.37469089218749996 0.5568363515625 0.3882305078125 0.547827790625 0.3976442234375 0.5449004984375
2 0.40660155781249996 0.529203640625 0.400962478125 0.53762488125 0.40200048125 0.54236798125 0.41030542031249995 0.526897446875 0.42392642656249996 0.514344940625 0.43436067500000003 0.50788818125 0.43908507031250005 0.5020525234375001 0.43757871562500006 0.4958844125 0.4351470578125 0.5036459671875 0.4235902203125 0.5117400734374999 0.4145884671875 0.5194003281249999 0.40660155781249996 0.529203640625