1 0.6137695324074074 0.4283854166666667 0.6162109375 0.4186197916666667 0.609375 0.4055989583333333 0.5844726574074074 0.3958333333333333 0.5888671875 0.41796875 0.5927734375 0.423828125 0.6049804675925926 0.431640625 0.6137695324074074 0.4283854166666667
8 0.5673828125 0.4329427083333333 0.5747070324074074 0.421875 0.5771484375 0.4134114583333333 0.578125 0.3951822916666667 0.57421875 0.40234375 0.556640625 0.41015625 0.5502929675925926 0.4205729166666667 0.5493164074074074 0.4290364583333333 0.5532226574074074 0.4361979166666667 0.5610351574074074 0.4368489583333333 0.5673828125 0.4329427083333333
9 0.43359375 0.412109375 0.4521484375 0.3971354166666667 0.423828125 0.392578125 0.41796875 0.3938802083333333 0.4111328125 0.4010416666666667 0.4111328125 0.4114583333333333 0.4155273425925926 0.416015625 0.421875 0.4173177083333333 0.43359375 0.412109375
11 0.6108398425925926 0.5514322916666666 0.6083984375 0.5358072916666666 0.6030273425925926 0.5130208333333334 0.5986328125 0.5078125 0.5952148425925926 0.5104166666666666 0.603515625 0.5442708333333334 0.60546875 0.5690104166666666 0.609375 0.5638020833333334 0.6108398425925926 0.5514322916666666
12 0.64453125 0.59765625 0.6459960925925926 0.5924479166666666 0.64453125 0.5813802083333334 0.6352539074074074 0.5709635416666666 0.6333007824074074 0.5696614583333334 0.6279296875 0.5755208333333334 0.619140625 0.578125 0.6220703125 0.5983072916666666 0.6293945324074074 0.60546875 0.63671875 0.6061197916666666 0.64453125 0.59765625
13 0.6181640625 0.5533854166666666 0.6118164074074074 0.5501302083333334 0.609375 0.556640625 0.6088867175925926 0.5638020833333334 0.6123046875 0.5657552083333334 0.6162109375 0.5611979166666666 0.6181640625 0.5533854166666666
10 0.44569726620370376 0.37872005324074076 0.4498720694444444 0.39031184953703707 0.45195996064814814 0.3847480462962963 0.44952441435185186 0.3722285162037037 0.45300341898148144 0.3611002592592593 0.45961425694444447 0.3541451828703704 0.4665727546296296 0.348117837962963 0.46378955092592594 0.3434811203703704 0.4543955069444444 0.3485813796296296 0.4460449212962963 0.3648098958333333 0.44569726620370376 0.37872005324074076
24 0.5789541018518518 0.37176497453703705 0.5719956064814815 0.3620279953703704 0.5688637685185185 0.3657369791666667 0.5761704097222222 0.3828932291666667 0.5839990231481481 0.3996542962962963 0.587304199074074 0.39587565046296297 0.5817373055555556 0.38706640509259255 0.5789541018518518 0.37176497453703705
25 0.4860571296296296 0.40422200462962965 0.48988427777777777 0.39031184953703707 0.4857089837962963 0.3884570300925926 0.4811860347222222 0.39958528703703705 0.47422753935185186 0.4019036458333333 0.46483300694444446 0.3954121087962963 0.45474316435185186 0.39123893287037037 0.45126415972222217 0.39865820370370375 0.45857031249999997 0.3981940115740741 0.46761669907407405 0.4046855462962963 0.4811860347222222 0.40793164120370373 0.4860571296296296 0.40422200462962965
26 0.6092236319444445 0.5646523449074073 0.6057446296296296 0.5697526041666667 0.6033090810185185 0.562797525462963 0.5935668935185185 0.579953775462963 0.5834770509259259 0.5850540370370371 0.5765185555555555 0.5790260416666667 0.5709516597222222 0.5794895833333333 0.5740830069444445 0.589227212962963 0.587304199074074 0.5924726574074074 0.5956547847222221 0.5873723958333333 0.6036567384259259 0.5785625 0.6109633796296295 0.5767076828703703 0.6165302731481481 0.579953775462963 0.6078320324074075 0.5734622384259259 0.6123549814814815 0.567897787037037 0.6092236319444445 0.5646523449074073
17 0.46866064351851855 0.528022136574074 0.4439575185185185 0.47238150925925926 0.44187011805555554 0.4533710949074074 0.4422177731481482 0.41117708333333336 0.4387387685185185 0.36434635416666666 0.4526557615740741 0.33698958333333334 0.46935644444444446 0.3105605462962963 0.4978862314814815 0.2836673171296296 0.5232851574074074 0.2711484375 0.5347670902777778 0.27207552083333336 0.5413774421296297 0.2665117199074074 0.552859375 0.2716119791666667 0.5688637685185185 0.2785670578703704 0.5786059560185185 0.300359375 0.5751269537037037 0.3202975254629629 0.5639931643518519 0.33698958333333334 0.563297363425926 0.3457994791666667 0.5667763680555555 0.36620117129629626 0.5699077152777777 0.3633346365740741 0.5674721689814815 0.3387604166666667 0.5758227546296296 0.3280957037037037 0.5806933587962964 0.30862174537037035 0.5806933587962964 0.2933203125 0.5733872060185186 0.27987369907407406 0.5622534189814815 0.27245507870370367 0.5465966805555555 0.26271809953703706 0.5312875972222222 0.2669752615740741 0.5051928703703704 0.2757851550925926 0.4864047847222222 0.29015885416666665 0.46692089814814813 0.3105605462962963 0.45474316435185186 0.3277161458333333 0.43525927777777773 0.3606367199074074 0.4380424814814815 0.38984830787037034 0.4394345694444444 0.440852212962963 0.4401303703703704 0.4668177083333333 0.44743701157407406 0.48814648379629627 0.4617016597222222 0.5201399745370371 0.4770107430555556 0.5451783865740741 0.4957988287037037 0.5655794259259259 0.5211977546296297 0.5822721342592593 0.5483364259259259 0.5933997384259259 0.5615576180555556 0.5822721342592593 0.5803457037037036 0.562797525462963 0.5904355462962962 0.5502786458333333 0.5998295902777777 0.5294134120370371 0.6072656712962963 0.5156001875 0.6012211921296297 0.5182851574074074 0.5859125972222222 0.5512057291666667 0.5490322268518518 0.5887630208333333 0.5201538078703704 0.5790260416666667 0.49371142592592593 0.5595520833333333 0.46866064351851855 0.528022136574074
17 0.5361586921296296 0.42045052083333334 0.512499511574074 0.41859570370370375 0.5118037106481481 0.42369596296296297 0.5410297847222222 0.42508723842592594 0.5601660162037037 0.42323242129629635 0.5786059560185185 0.42833268287037035 0.6057446296296296 0.445952474537037 0.6210532222222221 0.46032617129629627 0.6137470694444445 0.48768294212962965 0.6076032314814815 0.5149731365740741 0.6113115231481481 0.5080846342592592 0.6175742175925926 0.4862916666666667 0.6234887685185185 0.4589355462962963 0.6168784189814814 0.4491979166666667 0.5848686527777778 0.42786914120370373 0.5573823240740741 0.41952343750000004 0.5361586921296296 0.42045052083333334
18 0.4967231435185185 0.3696933587962963 0.5033232430555555 0.36611002546296295 0.5101679699074074 0.36415494675925925 0.5157900393518519 0.3622005208333334 0.5216572268518518 0.35861718750000005 0.5263017569444445 0.3462376296296296 0.533390625 0.3442832037037037 0.5453686527777778 0.34167708333333335 0.5522133796296297 0.3426542962962963 0.5602802731481481 0.34004817824074074 0.5661469722222222 0.331578125 0.5661469722222222 0.3244114583333333 0.559546875 0.30844856712962965 0.5512353518518518 0.28825065046296294 0.5419462893518519 0.2778261712962963 0.5299682615740741 0.27098502546296294 0.5074790046296296 0.27847786574074074 0.4933007800925926 0.27489453009259257 0.4891450185185185 0.27524934953703706 0.4869453125 0.280461587962963 0.4898784189814815 0.2853483078703704 0.4984340810185185 0.29968229166666666 0.49867871064814817 0.3065234375 0.49501171990740744 0.3185768240740741 0.48425634722222227 0.332585287037037 0.47692285185185185 0.3505026041666667 0.46787793055555554 0.3746536458333334 0.46543359259259254 0.39094205787037034 0.4622553703703704 0.4072304699074074 0.4637221689814815 0.416352212962963 0.46176660185185187 0.4271028634259259 0.44807763657407407 0.43850455787037035 0.4378105462962963 0.4463229166666667 0.4275434560185185 0.45805078240740743 0.4101875 0.47368750000000004 0.40138769444444444 0.4880214837962963 0.4001650393518518 0.5101738287037038 0.3979653310185185 0.5333033865740741 0.3977207037037037 0.5723958333333333 0.3994316412037037 0.5916158842592593 0.4104321296296296 0.611813800925926 0.4160546875 0.6176777337962962 0.4260771481481481 0.619632162037037 0.43707714814814813 0.6320117199074075 0.44514404398148144 0.6346178379629629 0.4563886712962963 0.6320117199074075 0.4683666990740741 0.6258216157407408 0.47912255787037034 0.6235416666666667 0.5069902337962963 0.6222239583333333 0.5311904305555556 0.6232011712962964 0.5495244143518518 0.6205950509259259 0.5627246087962963 0.6134277337962963 0.5678579097222222 0.6062610671296297 0.573969238425926 0.5997454421296297 0.5795917962962963 0.5916015625000001 0.5803251944444444 0.580850912037037 0.5754360347222223 0.5740097662037037 0.5667763680555555 0.5692682291666666 0.5566865231481481 0.5660221342592592 0.5545991203703703 0.5688046875 0.5702558587962963 0.5739049490740741 0.5765185555555555 0.5780774745370371 0.5786059560185185 0.5878151041666667 0.5744306643518519 0.5961608078703704 0.5660805671296296 0.6012610671296296 0.5639931643518519 0.6096074212962963 0.552859375 0.6170260416666666 0.5351147453703704 0.6202721342592592 0.5163266597222221 0.6188808587962963 0.5017138680555555 0.6198079421296296 0.4829257824074074 0.6211992199074075 0.47213964814814813 0.6211992199074075 0.4610058587962963 0.6262994791666666 0.4450014652777778 0.6313997407407407 0.438390625 0.6272272129629629 0.42760498148148146 0.6174895833333333 0.4192543935185185 0.6160989583333333 0.4088168935185185 0.6040436203703704 0.4029018564814815 0.5910605462962963 0.4001186527777778 0.5669498703703704 0.4001186527777778 0.542375 0.40151025462962964 0.5233645833333334 0.4029018564814815 0.5038906249999999 0.4053374027777778 0.4904440115740741 0.4109042962962963 0.47832552083333335 0.4244736319444445 0.4676608078703704 0.43734668055555553 0.4514322916666667 0.45404736342592594 0.43752213425925923 0.46135400462962967 0.4333489583333333 0.46587695370370374 0.42407552083333333 0.46483300694444446 0.40923828240740745 0.4672685555555556 0.3897636712962963 0.4756191412037037 0.35962565046296296 0.4822294930555555 0.3415423171296296 0.49023193287037037 0.33319596296296294 0.49475488194444445 0.3299505208333333 0.49823437499999995 0.31604036574074074 0.5010180671296296 0.3030572916666667 0.49719043055555556 0.29517512962962966 0.48884033101851854 0.2821920578703704 0.4912758796296296 0.27662825462962964 0.5055410162037037 0.28080143287037035 0.52815625 0.2747734375 0.5455527337962963 0.28497395833333333 0.5646889652777778 0.32855924537037035 0.5601660162037037 0.33551432407407406 0.5448569328703704 0.336905599537037 0.5375502939814815 0.3387604166666667 0.5211977546296297 0.34432421759259263 0.5104121087962963 0.361016275462963 0.5024096689814814 0.3605527337962963 0.4975385740740741 0.3637981759259259 0.4912758796296296 0.37121744907407406 0.4871005856481482 0.38744596296296296 0.49061181712962965 0.3885878912037037 0.49305615277777776 0.3752311203703704 0.4967231435185185 0.3696933587962963
19 0.5588134768518519 0.559024087962963 0.5456132800925926 0.5538118495370371 0.5329018564814815 0.5534863287037037 0.5167680671296296 0.5456679675925926 0.5033232430555555 0.534265625 0.4563886712962963 0.49387044212962966 0.4456328125 0.483445962962963 0.4392773425925926 0.4694375 0.43463281249999997 0.4573841157407407 0.42681005787037035 0.44630794212962965 0.4126323240740741 0.4296940115740741 0.40383203009259255 0.4182916666666667 0.39992089814814813 0.4052610671296296 0.3994316412037037 0.393859375 0.4043208009259259 0.38343489583333334 0.41409863194444446 0.3739876296296296 0.4280327152777778 0.36910091203703704 0.4390327152777778 0.3671464837962963 0.45125537037037033 0.36910091203703704 0.46396679629629634 0.3730097662037037 0.4698334953703704 0.3805026041666667 0.4735004884259259 0.39646549537037035 0.477655761574074 0.41148046759259255 0.4867006828703704 0.4183216157407407 0.49281201157407406 0.41766992129629626 0.5040566412037036 0.4095260416666666 0.5184790046296297 0.40398762962962964 0.5277680671296296 0.4033359375 0.5377905277777778 0.40561653703703704 0.5490356435185185 0.40561653703703704 0.563702636574074 0.4062682291666667 0.5810585949074074 0.4124576828703703 0.5910810555555556 0.42190494907407405 0.6013476550925927 0.43754166666666666 0.6113701180555556 0.4567623703703704 0.6238374027777778 0.48477864583333335 0.6235927731481482 0.49618033796296296 0.6282373055555555 0.516703775462963 0.6370375972222222 0.5401595046296296 0.6394819328703704 0.557750650462963 0.6426601574074075 0.570781900462963 0.6536601574074075 0.5948886712962962 0.6622158194444444 0.6176927083333333 0.6712607430555556 0.6365872407407408 0.6815273449074074 0.6457089837962963 0.6898388680555556 0.6486406250000001 0.6715048819444444 0.6317005208333334 0.6661274421296297 0.6222532546296295 0.6634379884259259 0.6105253912037036 0.654882324074074 0.5909348958333334 0.6436376944444445 0.5648736967592592 0.6407045902777777 0.5479335949074075 0.6345932615740741 0.5270839837962963 0.6275039050925926 0.5026516921296297 0.6267705069444445 0.4892949212962963 0.6262817384259259 0.4818020833333333 0.6221259768518519 0.47170312499999995 0.6113701180555556 0.45313476620370374 0.600858886574074 0.43065624999999996 0.585703125 0.4124134120370371 0.570546875 0.40557226620370374 0.553680175925926 0.40263997453703704 0.5373017569444445 0.40263997453703704 0.5265458981481481 0.4000338541666667 0.5140791018518519 0.4023144537037037 0.5013676759259259 0.4081783842592593 0.48865625 0.4153450532407408 0.48132275462962965 0.4124134120370371 0.47594482407407407 0.3993828125 0.4727670902777778 0.3808138009259259 0.4686113287037037 0.37234375 0.4615224606481481 0.36843424537037034 0.4453886712962963 0.36387369675925924 0.43218798842592593 0.3664798171296296 0.41898779398148145 0.36876041666666665 0.4079877939814815 0.3759270833333333 0.39918750000000003 0.3863515625 0.3967426759259259 0.39970833333333333 0.3986987314814815 0.4104589837962963 0.40456543055555555 0.4234895833333333 0.42949902314814814 0.45346028703703706 0.4382993171296296 0.47658984490740736 0.42705468750000003 0.4827792962962963 0.4209433587962963 0.4814765625 0.4160546875 0.47658984490740736 0.39845410185185187 0.4788704421296296 0.39429834027777777 0.47496093749999996 0.38989843750000003 0.46746809953703705 0.3857426759259259 0.4664908842592592 0.37596484259259255 0.4580208333333334 0.3720532222222222 0.4606269537037037 0.3867202152777778 0.4690970046296296 0.3979653310185185 0.482453775462963 0.40138769444444444 0.4814765625 0.4126323240740741 0.47952213657407405 0.421187988425926 0.48571158796296293 0.4255878912037037 0.4863632800925926 0.44001074305555554 0.47821874999999997 0.44196630787037033 0.4844082037037037 0.4615224606481481 0.502 0.4893896481481481 0.5267584629629629 0.5138344722222222 0.5463046875 0.5294794930555555 0.5557519537037037 0.5453686527777778 0.5567291666666667 0.5615024421296296 0.5648736967592592 0.570546875 0.5775546875 0.5751918935185185 0.5775930995370371 0.5673691412037036 0.5678203125 0.5588134768518519 0.559024087962963