0 0.388880675 0.6759790390625 0.3902675640625 0.6804545765625 0.3951911828125 0.6813225765625 0.39874757656250004 0.67348811875 0.3947119984375 0.6666656078125001 0.3912990609375 0.6688846234375 0.388880675 0.6759790390625
4 0.39609514687499997 0.65515765 0.39925052656250004 0.61575845625 0.40733711718750004 0.609192975 0.40497777968750004 0.6036059890625001 0.395835746875 0.6099854031249999 0.3932954125 0.626460409375 0.3915015625 0.650587778125 0.389352321875 0.6586696546875 0.4029242203125 0.6667036734375 0.39609514687499997 0.65515765
4 0.46581725625 0.690483096875 0.44394325312499994 0.7074517765625 0.43897115312499996 0.7111339375 0.442716025 0.7132044796875 0.441869265625 0.718695934375 0.4454078359375 0.7230804656250001 0.44991462968749996 0.712592865625 0.464742634375 0.6945240359375 0.47746593437499996 0.700057440625 0.4768648015625 0.6947810640625 0.46581725625 0.690483096875
4 0.5346443734374999 0.8119737203125 0.52969919375 0.8073412125000001 0.52641053125 0.8081717906250001 0.520060096875 0.8112832890625 0.5188833046875 0.8204766156250001 0.5232138703125 0.8480340375000001 0.5170789859375 0.8607523953125 0.5210664703125001 0.8641079812499999 0.5271453203124999 0.8520181499999999 0.53136704375 0.860753503125 0.5342004703125001 0.8570219781249999 0.526915071875 0.8425761203125001 0.5242213625 0.8247087046875 0.5240328859375001 0.81480370625 0.5285223453125 0.8165351812500001 0.5346443734374999 0.8119737203125
2 0.6009011625 0.5095373578125 0.6104380296875 0.5107483109375 0.607726496875 0.5050998843750001 0.5686934859375 0.514200815625 0.5427766515625 0.528434734375 0.5317315890625001 0.5382393640625 0.5347379046875 0.53876935625 0.541102796875 0.5351907234375 0.5583314796875001 0.522245184375 0.5757683 0.5149777249999999 0.6009011625 0.5095373578125
2 0.5785994624999999 0.587397978125 0.5886155703125 0.6032652578125 0.595134275 0.61428623125 0.5970206078125 0.62919061875 0.5860754359375 0.6598071578125 0.5756346609375 0.6847604921875 0.5747897984375 0.698243375 0.5754364421875 0.719040278125 0.563358809375 0.73430360625 0.5502267078124999 0.7493810375 0.545845603125 0.7664715453125 0.541073034375 0.7919538109375 0.53052623125 0.8060773187500001 0.5344793 0.813825296875 0.54150909375 0.7990817640625 0.547794240625 0.7846779390624999 0.5484721859375 0.7650545656250001 0.5569379703124999 0.7462230578125 0.56839621875 0.7379016171874999 0.5770609656250001 0.7248566624999999 0.5784637781249999 0.70912178125 0.5772591859375 0.690576875 0.58544659375 0.6708670203125 0.5956786843749999 0.6402361640625001 0.600123121875 0.6264471984375 0.5989616515625 0.6154313046875 0.5903934937499999 0.59934830625 0.5772538015625 0.5824600281250001 0.5635772859375 0.5715875265625 0.5536869249999999 0.5623225109375001 0.5533938328125 0.5495790281249999 0.5428001109375 0.54019066875 0.5347379046875 0.53876935625 0.5328291421875 0.5398425484375 0.531488515625 0.5413050046875 0.5397805953125 0.5420087078125 0.5501051718750001 0.5504096078125 0.550955728125 0.5609010078125001 0.553853840625 0.5684630046875 0.5633925484375 0.5776660234375 0.5785994624999999 0.587397978125
2 0.4639088953125 0.5676484953125 0.45998118281249994 0.5796478796875 0.457026353125 0.592759440625 0.46232514062499996 0.6054447281249999 0.467356625 0.625134621875 0.4693470296875 0.64287805 0.4673018046875 0.6537996078125 0.46662195781250004 0.6654315546875 0.46757664375 0.6787613515625 0.46551175312500004 0.6939098296874999 0.4619769765625 0.7055081546874999 0.45631305468749994 0.7209621609375 0.4568531828125 0.7309291531250001 0.4616155828125 0.7496309453125 0.4656314375 0.7606810171875 0.484850525 0.7654789046875 0.494387334375 0.7666904999999999 0.5040868328125 0.758059 0.516744034375 0.7443075421875001 0.525097871875 0.7307380953125 0.5319194078125 0.7103177671875 0.5367135984375 0.688599365625 0.5369156140625 0.6703024328125 0.53302159375 0.649873053125 0.5226519953125 0.6259517125 0.511350740625 0.6004557796875 0.5050364375 0.5791293875 0.5046411187500001 0.5715389375 0.5150228453125 0.55926700625 0.531488515625 0.5413050046875 0.5285582375 0.5410563265625 0.5317315890625001 0.5382393640625 0.5276776046875 0.537524675 0.5106533828125001 0.540164153125 0.49896727500000004 0.547035078125 0.48436333437499995 0.55057156875 0.46899514218749994 0.558674046875 0.4639088953125 0.5676484953125
2 0.6337883234375 0.7015933328124999 0.642873209375 0.715886746875 0.649559371875 0.7330476578125 0.65459085625 0.7527375515625 0.6588542937499999 0.761010578125 0.66539320625 0.767804078125 0.67968813125 0.771734521875 0.6929679703125 0.7670245875 0.7054361515625 0.7433686875000001 0.714923715625 0.7130762546875 0.717648728125 0.6905233921875 0.715368103125 0.66802808125 0.713108553125 0.6492971937500001 0.7062811203125 0.6056763453125 0.700088165625 0.5749705578125 0.69770488125 0.5576275500000001 0.6907088375 0.5399416765625 0.6835904109375 0.53163566875 0.67637024375 0.528482775 0.667352 0.533473665625 0.6561000531250001 0.5394811171875 0.6399872765625 0.5479226625 0.628134253125 0.5486530953125001 0.621263353125 0.537570684375 0.6171649312499999 0.527446721875 0.6183398828125 0.510261325 0.6254109 0.495055378125 0.634653265625 0.47553150781250003 0.648478728125 0.464695953125 0.6447750828125 0.46216299843749997 0.63259386875 0.47458737500000003 0.6259570109375 0.4889298453125 0.6181414046875 0.5044748593749999 0.61597244375 0.5167842968749999 0.61396855625 0.527242159375 0.6170115328125 0.53718005625 0.6209233203125 0.5453910890625 0.6286212578125 0.55520960625 0.6381777890625 0.5521936390625 0.651188053125 0.546495515625 0.6649845609375 0.5399966390625 0.673650665625 0.5349436671875 0.6797530328125 0.5346091265624999 0.6859815171875 0.5408782171875 0.69305823125 0.54964655625 0.6954199515624999 0.5632250562500001 0.6996243984375 0.5841788421875 0.7044711453125 0.6099472359375 0.7090433125 0.6508201359375 0.7134343375000001 0.6736874953124999 0.7142676156250001 0.6963973265625001 0.7104871 0.7187647640625 0.70089546875 0.74621815625 0.690845728125 0.7627790015625 0.6825725031250001 0.767431553125 0.6682770921875 0.7635010249999999 0.6597520578125 0.7549470406250001 0.6533768078125 0.7383106234375 0.6506005890625 0.721368675 0.6392191546875 0.7047903671875 0.6282320703125001 0.695802340625 0.6054355703125001 0.695073846875 0.5939557609375 0.69963078125 0.585516975 0.706134825 0.5693414078125001 0.711274275 0.5561661828125 0.7188226921875 0.541375609375 0.7204462546875 0.5158891953125 0.7178332000000001 0.4925107984375 0.7076006828125 0.4778618375 0.6956167328125 0.4766477015625 0.701222565625 0.49122010156249996 0.7140652843749999 0.5179289296875 0.7230042546875 0.529058984375 0.7263767546875 0.5412637171875 0.7257076734375 0.5544197640624999 0.7223862609375 0.5744006609375 0.714627290625 0.5888179640625 0.7091778703125 0.6039582953125 0.699624875 0.618045021875 0.6978778828125 0.6337883234375 0.7015933328124999
2 0.4560114125 0.5680808796875 0.465628834375 0.5603755796875001 0.47630126875 0.552855615625 0.48372583750000003 0.545703090625 0.4916670734375 0.536761625 0.5016755890625 0.52066319375 0.513340134375 0.5100277609375 0.5219218296875 0.4979088296875 0.5274643453125 0.4918348578125 0.5303783828124999 0.4791864375 0.53173996875 0.46391397031250003 0.5293153453125 0.44703466093750005 0.5229808921875 0.4299351015625 0.51565475625 0.415951740625 0.5035714296875 0.4072407875 0.49014482499999995 0.4015833953125 0.47932519687499997 0.398735303125 0.46780361875 0.40375520781249996 0.451690840625 0.41219675312500004 0.44350207968750005 0.4239146234375 0.434464115625 0.4331330765625 0.4254875875 0.43766164218750003 0.41818870781250006 0.451417071875 0.41457136562499997 0.46394150312500004 0.413850296875 0.47603586406250004 0.41550871406249995 0.4894903765625 0.4154515640625 0.51016320625 0.4132413203125 0.5229357 0.41502304062500006 0.5350016046875 0.4170331671875 0.5485174703125 0.41745894687499996 0.563773459375 0.4170290125 0.5806205140625 0.420072046875 0.59055776875 0.42296514687500003 0.5959695593750001 0.4267523625 0.5940734421875 0.42958825625 0.5990251046874999 0.43661377031250004 0.5933358578125 0.449891225 0.5806344109375 0.4560114125 0.5680808796875
2 0.45255094375000005 0.6790158468749999 0.46165738906250003 0.6970737703125 0.4715909328125 0.7138671578125 0.48317909375 0.728132203125 0.490753296875 0.739338603125 0.5009324671875001 0.745364159375 0.5100562484375 0.7512030078125 0.5134729265625 0.7649674890625 0.5204891796875 0.7784258859375 0.5277721343749999 0.784880871875 0.5373305640625 0.7898563328125 0.5477381375 0.7973318484374999 0.559178559375 0.801229396875 0.5655087890625 0.802345371875 0.5744229609375 0.7945154421875 0.5841224609375 0.7858839453125 0.5924355578125 0.7727769953125 0.600168596875 0.7581580921875 0.6055029140625 0.7464066828125 0.6108785171875 0.7341922203125 0.615654396875 0.7246927234375 0.6188985234375 0.7083417890625 0.6183166250000001 0.698837765625 0.6152754875 0.6968919390625 0.6153421296875 0.716176246875 0.6084774109375 0.729068203125 0.6026264234375 0.7426085515625 0.592930665625 0.767223546875 0.5824251453125 0.7808840015625 0.5741730515625 0.7893003328125 0.5641219015625001 0.7978698359374999 0.553302215625 0.795022384375 0.5421501140625 0.7878852953125 0.5268606328125001 0.77907945 0.5185831796875 0.7677484203125 0.514463196875 0.7538599500000001 0.5078206453125 0.7442281390625001 0.49959603750000003 0.74031709375 0.48852692812500004 0.7322546203125 0.4802278578125 0.7171597234375 0.466859871875 0.6988202015625 0.4575883515625 0.6826138578125 0.448108690625 0.660729434375 0.44452504218750005 0.6408251015624999 0.43796505625000004 0.63026718125 0.43374045624999996 0.613540228125 0.4302830421875 0.6002382468749999 0.42958825625 0.5990251046874999 0.426603415625 0.6014422203125 0.42600824218750005 0.6016619296875 0.4289505734375 0.6071658156249999 0.43282303125 0.6238306890625 0.43423202656250004 0.632070178125 0.4415581640625 0.6460535375 0.44381581406250004 0.656793 0.45255094375000005 0.6790158468749999
0 0.403125 0.6734375 0.4140625 0.6765625 0.428125 0.6875 0.434375 0.6875 0.4375 0.6921875 0.4359375 0.696875 0.4296875 0.696875 0.421875 0.6921875 0.4171875 0.6921875 0.40625 0.6828125 0.403125 0.675
0 0.3890625 0.665625 0.3890625 0.6703125 0.384375 0.678125 0.375 0.684375 0.3609375 0.6828125 0.35625 0.6796875 0.3484375 0.671875 0.35 0.6671875 0.3578125 0.6671875 0.3625 0.671875 0.36875 0.671875 0.3875 0.665625
0 0.4078125 0.6953125 0.415625 0.6953125 0.425 0.7 0.4328125 0.70625 0.4359375 0.70625 0.440625 0.7125 0.440625 0.7140625 0.4359375 0.7125 0.428125 0.715625 0.421875 0.7140625 0.409375 0.7046875 0.4078125 0.696875
0 0.4421875 0.7296875 0.459375 0.7625 0.4546875 0.7640625 0.4515625 0.759375 0.44375 0.74375 0.4421875 0.73125
0 0.490625 0.8734375 0.4984375 0.86875 0.5171875 0.8671875 0.5140625 0.8796875 0.50625 0.8875 0.4921875 0.8859375 0.4875 0.8796875 0.490625 0.875
0 0.5359375 0.8640625 0.5484375 0.865625 0.5578125 0.8640625 0.56875 0.8703125 0.5671875 0.8765625 0.56875 0.878125 0.565625 0.88125 0.5484375 0.884375 0.54375 0.8828125 0.5390625 0.8765625 0.5359375 0.865625
0 0.5359375 0.8640625 0.5484375 0.865625 0.5578125 0.8640625 0.56875 0.8703125 0.5671875 0.8765625 0.56875 0.878125 0.565625 0.88125 0.5484375 0.884375 0.54375 0.8828125 0.5390625 0.8765625 0.5359375 0.865625