1 0.5717592592592593 0.7268518518518519 0.5694444444444444 0.7314814814814815 0.5509259259259259 0.7407407407407407 0.5393518518518519 0.7407407407407407 0.5347222222222222 0.7384259259259259 0.5324074074074074 0.7337962962962963 0.5347222222222222 0.7291666666666666 0.5393518518518519 0.7268518518518519 0.5694444444444444 0.7268518518518519
8 0.5949074074074074 0.7384259259259259 0.6041666666666666 0.7523148148148148 0.6041666666666666 0.7638888888888888 0.5972222222222222 0.7685185185185185 0.5856481481481481 0.7662037037037037 0.5787037037037037 0.7615740740740741 0.5740740740740741 0.7546296296296297 0.5740740740740741 0.7453703703703703 0.5810185185185185 0.7291666666666666 0.5833333333333334 0.7291666666666666 0.5925925925925926 0.7384259259259259
9 0.5231481481481481 0.4583333333333333 0.5370370370370371 0.4699074074074074 0.5370370370370371 0.48148148148148145 0.5324074074074074 0.4837962962962963 0.5069444444444444 0.4652777777777778 0.5092592592592593 0.46064814814814814 0.5208333333333334 0.4583333333333333
10 0.48842592592592593 0.4699074074074074 0.4837962962962963 0.46064814814814814 0.4837962962962963 0.4537037037037037 0.48842592592592593 0.44675925925925924 0.49074074074074076 0.44675925925925924 0.49537037037037035 0.4537037037037037 0.4930555555555556 0.46296296296296297 0.48842592592592593 0.4675925925925926
11 0.46296296296296297 0.44675925925925924 0.47453703703703703 0.4583333333333333 0.47685185185185186 0.4675925925925926 0.4722222222222222 0.4675925925925926 0.4699074074074074 0.4652777777777778 0.46064814814814814 0.4652777777777778 0.4583333333333333 0.4675925925925926 0.45601851851851855 0.4652777777777778 0.4444444444444444 0.4652777777777778 0.44212962962962965 0.46296296296296297 0.4398148148148148 0.4537037037037037 0.4444444444444444 0.44675925925925924 0.46064814814814814 0.44675925925925924
12 0.3287037037037037 0.41898148148148145 0.32175925925925924 0.4097222222222222 0.32175925925925924 0.4027777777777778 0.3194444444444444 0.40046296296296297 0.3194444444444444 0.3726851851851852 0.32175925925925924 0.37037037037037035 0.3263888888888889 0.3726851851851852 0.3263888888888889 0.3773148148148148 0.33101851851851855 0.38425925925925924 0.33101851851851855 0.4074074074074074 0.3333333333333333 0.4097222222222222 0.3333333333333333 0.4212962962962963 0.33101851851851855 0.41898148148148145
13 0.33564814814814814 0.45601851851851855 0.33101851851851855 0.4861111111111111 0.3287037037037037 0.49074074074074076 0.31712962962962965 0.5 0.3101851851851852 0.5 0.30324074074074076 0.4930555555555556 0.30324074074074076 0.47685185185185186 0.3125 0.46296296296296297 0.3194444444444444 0.4583333333333333 0.3333333333333333 0.45601851851851855
24 0.5986923819444444 0.6918111967592593 0.5899526365740742 0.6942207037037037 0.5845273449074074 0.6970319004629629 0.5815136712962963 0.707874349537037 0.5803081064814815 0.7191184907407406 0.5721708981481481 0.7227324212962963 0.5712666018518519 0.7291575532407407 0.5775957037037037 0.7243391921296296 0.5836235347222223 0.7263470046296296 0.5845273449074074 0.7183151041666667 0.5866372060185185 0.7042597662037038 0.594171875 0.699039712962963 0.5986923819444444 0.6918111967592593
25 0.4871816412037037 0.5335891921296296 0.49200390740740746 0.5416210925925926 0.49833251851851856 0.5448339837962963 0.4989355462962963 0.539211587962963 0.49260644444444446 0.5335891921296296 0.4904965810185185 0.5255579421296296 0.49079834027777774 0.505077474537037 0.4904965810185185 0.486203125 0.49230517592592593 0.47977799537037036 0.4986342777777778 0.4725494791666667 0.49622314351851854 0.468132162037037 0.4898940439814815 0.4757623703703704 0.48959277314814814 0.4705416666666667 0.4865791018518518 0.47174674537037037 0.4868803703703704 0.4757623703703704 0.4826611319444445 0.4705416666666667 0.4791948240740741 0.47216275925925927 0.4865791018518518 0.4805813796296296 0.48597607407407406 0.4974472662037037 0.48597607407407406 0.5231484375 0.4871816412037037 0.5335891921296296
26 0.3868217777777778 0.45076953009259263 0.38983593749999995 0.44635221296296296 0.38983593749999995 0.4387226574074074 0.38742480555555553 0.4326985671296296 0.3823012685185185 0.4294863287037037 0.3741640625 0.43229752546296296 0.3563823240740741 0.43310025925925927 0.3482451180555555 0.43430533796296295 0.3373955069444445 0.4230611990740741 0.3370942384259259 0.4274785162037037 0.34372460879629635 0.43430533796296295 0.3392036134259259 0.43430533796296295 0.3392036134259259 0.43912434953703705 0.34342334027777777 0.4387226574074074 0.33618994212962966 0.44675390740740745 0.3389023425925926 0.4547858078703704 0.34794384722222227 0.4399270833333333 0.38531494212962963 0.4355097662037037 0.3871235347222222 0.4415338541666667 0.3868217777777778 0.45076953009259263
17 0.4133432615740741 0.4170371087962963 0.4184667962962963 0.41342317824074076 0.4224529282407407 0.41222798842592595 0.42101600694444447 0.4081041805555556 0.4236963634259259 0.4073024259259259 0.4187680671296296 0.3965566412037037 0.41394628935185185 0.3853125 0.4076171875 0.3865175787037037 0.40369921759259264 0.3905332037037037 0.40219238194444445 0.4005729166666667 0.40309668055555553 0.40980859490740745 0.4064116203703704 0.4126197916666666 0.4133432615740741 0.4170371087962963
17 0.42027539120370366 0.4583997384259259 0.4106308587962963 0.4708489583333333 0.41032959027777777 0.47767578240740743 0.4118364259259259 0.49012434953703704 0.4124394537037037 0.5009667962962963 0.40972705092592593 0.5122109375 0.40821972685185187 0.5194394537037037 0.41032959027777777 0.555180337962963 0.4112338865740741 0.5507623703703703 0.41304199305555556 0.5330930995370371 0.40972705092592593 0.523054037037037 0.4127407222222222 0.510203125 0.4163574212962963 0.49976237037037036 0.4157543935185185 0.4953450532407407 0.41304199305555556 0.4824941412037037 0.4127407222222222 0.4740611990740741 0.42027539120370366 0.46281705787037036 0.42961816435185185 0.451171224537037 0.4308232430555556 0.44514778703703706 0.4284125972222222 0.4238639328703704 0.42547100694444445 0.4113230578703704 0.4224529282407407 0.41222798842592595 0.4232890625 0.41462760416666666 0.4263027337962963 0.4294863287037037 0.4272070324074074 0.4407304675925926 0.42600146527777777 0.45157291666666666 0.42027539120370366 0.4583997384259259
17 0.48085253935185185 0.406194662037037 0.4932094722222222 0.41021028703703705 0.5064702152777778 0.41743880092592595 0.5179223634259259 0.4278802083333333 0.5296762685185185 0.43832096296296297 0.5372109375 0.45157291666666666 0.5402246087962963 0.4668326828703704 0.5462524421296296 0.49012434953703704 0.5513754884259259 0.5081953125 0.5561977546296296 0.5254635416666666 0.5634311527777778 0.545140625 0.5688559560185186 0.5599986990740741 0.5727739259259259 0.580078125 0.5763901365740741 0.5997552083333333 0.5824179675925926 0.6163144537037036 0.5878427731481481 0.6231412754629629 0.5935688472222223 0.6392044259259259 0.5992954097222223 0.656070962962963 0.5995966805555555 0.6693229166666667 0.5956787106481483 0.6873938796296296 0.5995966805555555 0.6922363287037037 0.6038159189814815 0.6653307291666666 0.6020078125 0.6504720046296296 0.5968842777777779 0.6352122407407408 0.5875415046296296 0.6147317708333333 0.5803081064814815 0.6018815092592592 0.5757875972222222 0.5846132824074074 0.5724721689814815 0.5601171875000001 0.5694584953703704 0.5508808587962963 0.5613212893518518 0.5279908842592592 0.5540878912037037 0.5115266921296296 0.5504716805555555 0.49907747453703705 0.5435400393518518 0.46562825462962965 0.5387177731481482 0.4479589837962963 0.5302792962962963 0.4351080740740741 0.5188266597222222 0.424265625 0.5052646481481481 0.41382487037037036 0.49351074305555553 0.4065963541666666 0.48055126851851854 0.40217903703703706 0.4727153310185185 0.40258072916666665 0.4570434560185185 0.40338346296296296 0.4473994143518518 0.40539127546296294 0.4314262685185185 0.4049902337962963 0.4236963634259259 0.4073024259259259 0.42539843749999995 0.4110136712962963 0.42547100694444445 0.4113230578703704 0.4305219722222222 0.40980859490740745 0.44438574305555556 0.4090058587962963 0.4531254884259259 0.4090058587962963 0.4606601574074074 0.4057929675925926 0.48085253935185185 0.406194662037037
18 0.5019492175925926 0.5452825509259259 0.5083660162037037 0.5470242453703703 0.5167514050925925 0.546279574074074 0.513703125 0.545235025462963 0.4998398449074074 0.5404160162037037 0.4968256828703704 0.544078125 0.5019492175925926 0.5452825509259259
18 0.42087793055555556 0.644094400462963 0.4151518564814815 0.66296875 0.4118364259259259 0.6798346365740741 0.41304199305555556 0.7312369791666667 0.41665869212962964 0.7513157546296296 0.42087793055555556 0.7701901041666667 0.4250971689814815 0.7774179675925926 0.48085253935185185 0.7774179675925926 0.49140087962962964 0.7693867199074075 0.49923681712962964 0.7589453125 0.5028535162037037 0.750843099537037 0.5088808587962963 0.7391972662037036 0.5194291990740741 0.7147011712962963 0.5263613287037037 0.705063150462963 0.5320874027777778 0.6938190092592592 0.5354023425925926 0.676952474537037 0.5359574560185185 0.6740681342592593 0.5338995787037037 0.673611125 0.5320874027777778 0.6838268217592592 0.5263613287037037 0.6982838541666666 0.5191279305555555 0.7103307291666666 0.5082783194444445 0.7320162754629629 0.5034560555555556 0.7448665370370371 0.49411328009259264 0.7581184884259259 0.4865791018518518 0.7693632800925926 0.4763320324074074 0.7745833333333333 0.44649511805555553 0.7741816412037037 0.4290151365740741 0.7749850254629629 0.4238916018518519 0.7697643217592592 0.4199736319444444 0.7553079421296296 0.41665869212962964 0.7416542962962963 0.41545312500000003 0.7284023449074074 0.4148500972222222 0.7119375 0.4148500972222222 0.6878424490740741 0.4151518564814815 0.672984375 0.4220834953703704 0.6484882800925925 0.42961816435185185 0.631220050925926 0.43745410185185185 0.6167636712962964 0.44830371064814817 0.6007005208333334 0.4579477546296296 0.583030599537037 0.4654824212962963 0.5737949212962963 0.47904443287037035 0.5637552083333334 0.4901953125 0.5557233078703704 0.5016479490740741 0.552109375 0.5131005856481482 0.5484954421296296 0.5190554652777778 0.5503998726851852 0.5182236319444444 0.5496998703703704 0.5083660162037037 0.5470242453703703 0.5061684560185186 0.547219400462963 0.49772998148148145 0.5488255208333334 0.47904443287037035 0.5588652337962963 0.45734521527777783 0.5762278657407408 0.4314262685185185 0.6224095046296296 0.42087793055555556 0.644094400462963
18 0.594171875 0.666984375 0.6038159189814815 0.6693938796296296 0.6053227546296297 0.6665826828703705 0.5905551759259259 0.6649765625 0.5619238287037037 0.6701972662037037 0.54715625 0.6726061203703705 0.5368153078703704 0.6696107731481482 0.5359574560185185 0.6740681342592593 0.5420327152777777 0.6754173171296296 0.5568007800925926 0.6742128912037038 0.5676503912037036 0.671 0.5748833009259259 0.6718033865740741 0.5857329097222223 0.671 0.594171875 0.666984375
18 0.542937011574074 0.5894088541666667 0.5381147453703704 0.5725423171296297 0.5320874027777778 0.5596920578703704 0.5301862523148148 0.5570614675925926 0.5317930046296296 0.5652957430555555 0.5335942384259259 0.5677708333333333 0.5372109375 0.5786132824074074 0.5432382800925926 0.605117837962963 0.5447451180555556 0.6235904953703704 0.5381147453703704 0.6484882800925925 0.5360053703703703 0.6617402337962963 0.5347170231481481 0.6690029861111112 0.5368153078703704 0.6696107731481482 0.5384165046296296 0.6612910162037038 0.5414301759259259 0.6468346365740741 0.5468549814814815 0.6351888032407408 0.5480605462962963 0.621133462962963 0.5462524421296296 0.6054720046296296 0.542937011574074 0.5894088541666667
18 0.5335942384259259 0.5745266921296296 0.5317930046296296 0.5652957430555555 0.526231337962963 0.5576534166666667 0.5299775393518519 0.5669915370370371 0.5326899421296296 0.5886764328703704 0.531484375 0.6175904953703705 0.529375 0.6304407546296297 0.5287719722222223 0.650117837962963 0.529375 0.6653782546296296 0.5329916990740741 0.6734095046296297 0.5338995787037037 0.673611125 0.5347170231481481 0.6690029861111112 0.5332929699074074 0.6685904953703704 0.5317861319444445 0.6593541666666667 0.5317861319444445 0.640078775462963 0.5335942384259259 0.6235195300925925 0.5344985347222222 0.597014974537037 0.5335942384259259 0.5745266921296296
19 0.4244946296296296 0.6263300787037037 0.4263027337962963 0.6066529953703704 0.4272070324074074 0.5950071620370371 0.4350429675925926 0.5954088541666667 0.43594677777777774 0.5913932291666667 0.42660400462962966 0.590188150462963 0.42148046990740745 0.5761328125 0.41545312500000003 0.5632825532407407 0.40731591898148145 0.5524401041666667 0.4018911134259259 0.5383847662037037 0.3976713865740741 0.5239277337962963 0.3952607430555556 0.5066601550925925 0.39435644444444445 0.49140039120370366 0.39134277314814814 0.472124349537037 0.38953418055555555 0.4460221365740741 0.38561621064814816 0.45204557175925925 0.38772607407407406 0.46888802083333336 0.3907397453703703 0.48615625 0.39164404398148145 0.5010143217592593 0.3937539050925926 0.5186835949074075 0.3967675787037037 0.5308255208333333 0.39978125 0.5408652337962964 0.40309668055555553 0.5529127615740741 0.4127407222222222 0.5645585949074073 0.42148046990740745 0.5838339837962964 0.42359033101851856 0.5942753912037037 0.4232890625 0.6039127592592592 0.42178222685185185 0.619173175925926 0.41906982407407406 0.6332278657407407 0.4124394537037037 0.6484882800925925 0.40611035185185185 0.6641497407407407 0.4024936527777778 0.681015625 0.40430224537037035 0.6942682291666666 0.41002831944444446 0.7183626296296296 0.41999359259259256 0.7651540092592592 0.42327939814814813 0.7667038148148149 0.42087793055555556 0.760953775462963 0.4175625 0.7452916666666667 0.41394628935185185 0.7228033865740741 0.4118364259259259 0.7067402337962962 0.40611035185185185 0.679031900462963 0.40882275462962964 0.6692988287037037 0.4151518564814815 0.6516295578703704 0.42057665972222225 0.6383776041666667 0.4244946296296296 0.6263300787037037
19 0.4929077152777778 0.7757884120370371 0.5052646481481481 0.7617330740740741 0.5140043935185186 0.7557096365740741 0.5215390625 0.7516933587962963 0.5305805671296296 0.7380397129629629 0.5462524421296296 0.7219765625 0.5525810555555556 0.7143470046296296 0.5571020509259259 0.7087246087962963 0.5616225578703704 0.7063151041666667 0.568554199074074 0.7006933587962962 0.5712666018518519 0.6878424490740741 0.5721708981481481 0.6753938796296296 0.5727739259259259 0.6601341134259259 0.5721708981481481 0.6504960949074075 0.5724721689814815 0.6372441412037037 0.5715683587962963 0.6264010416666667 0.566444824074074 0.6163619791666667 0.5613212893518518 0.611141275462963 0.5510742175925926 0.6075273449074075 0.542937011574074 0.6075273449074075 0.5326899421296296 0.6099368495370371 0.5290737314814815 0.6163619791666667 0.5275664050925926 0.6332278657407407 0.5260595694444444 0.660936849537037 0.527265136574074 0.6778033842592592 0.5200322268518518 0.7006933587962962 0.5146074212962963 0.7147486967592592 0.5052646481481481 0.7356302083333334 0.495921875 0.7512923171296296 0.4829624027777778 0.7641425787037037 0.4579477546296296 0.7717721342592592 0.4387615185185185 0.7740062152777777 0.4442864675925926 0.7766121481481482 0.43817180092592595 0.7775937592592592 0.4519199212962963 0.7814101550925926 0.46518066435185185 0.7862291666666666 0.47392089814814814 0.7870325532407407 0.4811538078703703 0.783819662037037 0.4929077152777778 0.7757884120370371