1 0.6643518518518519 0.5578703703703703 0.6759259259259259 0.5717592592592593 0.6828703703703703 0.5856481481481481 0.6828703703703703 0.6064814814814815 0.6805555555555556 0.6087962962962963 0.6712962962962963 0.6064814814814815 0.6666666666666666 0.5949074074074074 0.6666666666666666 0.5879629629629629 0.6643518518518519 0.5856481481481481 0.6643518518518519 0.5601851851851852
8 0.6203703703703703 0.5208333333333334 0.6319444444444444 0.5231481481481481 0.6527777777777778 0.5462962962962963 0.6527777777777778 0.5509259259259259 0.6412037037037037 0.5532407407407407 0.625 0.5439814814814815 0.6180555555555556 0.5324074074074074 0.6203703703703703 0.5231481481481481
9 0.5856481481481481 0.5162037037037037 0.5995370370370371 0.5231481481481481 0.5995370370370371 0.5300925925925926 0.5972222222222222 0.5324074074074074 0.5833333333333334 0.5324074074074074 0.5740740740740741 0.5277777777777778 0.5671296296296297 0.5208333333333334 0.5671296296296297 0.5185185185185185 0.5833333333333334 0.5162037037037037
10 0.5208333333333334 0.5 0.5254629629629629 0.5 0.5486111111111112 0.5138888888888888 0.5462962962962963 0.5185185185185185 0.5393518518518519 0.5208333333333334 0.5347222222222222 0.5185185185185185 0.5208333333333334 0.5023148148148148
11 0.5162037037037037 0.4861111111111111 0.5185185185185185 0.4837962962962963 0.5347222222222222 0.4837962962962963 0.5439814814814815 0.48842592592592593 0.5486111111111112 0.49537037037037035 0.5486111111111112 0.5046296296296297 0.5439814814814815 0.5115740740740741 0.5300925925925926 0.5023148148148148 0.5277777777777778 0.5046296296296297 0.5300925925925926 0.5092592592592593 0.5208333333333334 0.4976851851851852 0.5185185185185185 0.48842592592592593
12 0.5046296296296297 0.41898148148148145 0.5115740740740741 0.42592592592592593 0.5162037037037037 0.4375 0.5162037037037037 0.45601851851851855 0.5138888888888888 0.4583333333333333 0.5138888888888888 0.4652777777777778 0.5092592592592593 0.4722222222222222 0.49537037037037035 0.46064814814814814 0.49074074074074076 0.4513888888888889 0.49074074074074076 0.4236111111111111 0.49537037037037035 0.41898148148148145 0.5023148148148148 0.41898148148148145
13 0.5023148148148148 0.5173611111111112 0.03125 0.05439814814814815
14 0.33564814814814814 0.4212962962962963 0.3472222222222222 0.42592592592592593 0.3541666666666667 0.42592592592592593 0.36342592592592593 0.43287037037037035 0.37037037037037035 0.4444444444444444 0.37037037037037035 0.4513888888888889 0.3680555555555556 0.45601851851851855 0.36342592592592593 0.4583333333333333 0.3587962962962963 0.4583333333333333 0.34953703703703703 0.4537037037037037 0.33796296296296297 0.4375 0.33564814814814814 0.4236111111111111
15 0.3287037037037037 0.4212962962962963 0.3333333333333333 0.4305555555555556 0.3333333333333333 0.4375 0.33101851851851855 0.4398148148148148 0.3263888888888889 0.4375 0.3263888888888889 0.42592592592592593 0.3287037037037037 0.4236111111111111
2 0.28935185185185186 0.4305555555555556 0.3125 0.42592592592592593 0.31712962962962965 0.4212962962962963 0.32175925925925924 0.4212962962962963 0.3101851851851852 0.44675925925925924 0.30092592592592593 0.45601851851851855 0.28703703703703703 0.45601851851851855 0.2824074074074074 0.4537037037037037 0.2800925925925926 0.44212962962962965 0.2824074074074074 0.4375 0.28935185185185186 0.43287037037037035
3 0.4583333333333333 0.6018518518518519 0.4675925925925926 0.6087962962962963 0.4699074074074074 0.6157407407407407 0.4791666666666667 0.625 0.4791666666666667 0.6273148148148148 0.4837962962962963 0.6296296296296297 0.4837962962962963 0.6365740740740741 0.4791666666666667 0.6388888888888888 0.46064814814814814 0.6388888888888888 0.4537037037037037 0.6319444444444444 0.44675925925925924 0.6134259259259259 0.44907407407407407 0.6111111111111112 0.44907407407407407 0.6041666666666666 0.45601851851851855 0.6018518518518519
4 0.5185185185185185 0.6226851851851852 0.5254629629629629 0.6319444444444444 0.5254629629629629 0.6388888888888888 0.5231481481481481 0.6412037037037037 0.5231481481481481 0.6458333333333334 0.5162037037037037 0.6527777777777778 0.5 0.6527777777777778 0.4861111111111111 0.6412037037037037 0.4861111111111111 0.6365740740740741 0.48842592592592593 0.6342592592592593 0.4930555555555556 0.6342592592592593 0.5046296296296297 0.625 0.5162037037037037 0.6226851851851852
5 0.4837962962962963 0.6319444444444444 0.47685185185185186 0.6226851851851852 0.47685185185185186 0.6180555555555556 0.4861111111111111 0.6087962962962963 0.4930555555555556 0.6087962962962963 0.5 0.6041666666666666 0.5115740740740741 0.6041666666666666 0.5138888888888888 0.6087962962962963 0.5115740740740741 0.6111111111111112 0.5115740740740741 0.6203703703703703 0.49074074074074076 0.6319444444444444 0.4861111111111111 0.6319444444444444
6 0.5208333333333334 0.6018518518518519 0.5277777777777778 0.6064814814814815 0.5277777777777778 0.6111111111111112 0.5300925925925926 0.6134259259259259 0.5277777777777778 0.6273148148148148 0.5254629629629629 0.6296296296296297 0.5185185185185185 0.6226851851851852 0.5185185185185185 0.6111111111111112 0.5208333333333334 0.6087962962962963 0.5208333333333334 0.6041666666666666
7 0.5509259259259259 0.5462962962962963 0.5555555555555556 0.5532407407407407 0.5555555555555556 0.5578703703703703 0.5486111111111112 0.5740740740740741 0.5416666666666666 0.5810185185185185 0.5324074074074074 0.5856481481481481 0.5231481481481481 0.5856481481481481 0.5208333333333334 0.5879629629629629 0.5162037037037037 0.5856481481481481 0.5208333333333334 0.5787037037037037 0.5254629629629629 0.5601851851851852 0.5370370370370371 0.5462962962962963 0.5416666666666666 0.5462962962962963 0.5439814814814815 0.5439814814814815 0.5486111111111112 0.5462962962962963
24 0.6789018564814815 0.513328125 0.6773344722222222 0.5016341157407408 0.6707524421296297 0.4945345046296296 0.6669912106481481 0.4974576828703704 0.6729467777777778 0.5053932291666666 0.6738867175925926 0.514998699074074 0.6701254884259259 0.5308691412037037 0.6660507800925927 0.5367161458333334 0.6604091805555555 0.5446510416666667 0.6582153310185185 0.5479921875 0.6704389652777778 0.5518561203703704 0.6679316412037037 0.546321613425926 0.6704389652777778 0.5392220046296297 0.6767080069444444 0.5246048171296296 0.6789018564814815 0.513328125
25 0.5638710925925926 0.5158339837962963 0.5670053703703704 0.5137460925925926 0.5607368171296296 0.5058105462962963 0.5619902337962963 0.4987109375 0.565437988425926 0.48492838657407406 0.5695126944444444 0.46864062500000003 0.5660649421296297 0.46279362037037036 0.5591694328703704 0.4527701828703704 0.5544677731481481 0.45235286574074074 0.5563486319444445 0.46237630324074075 0.5638710925925926 0.47072851620370365 0.5607368171296296 0.48451106712962966 0.557602050925926 0.5033046875 0.5516469722222221 0.5112402337962964 0.5532143564814814 0.5166692708333334 0.5572885740740741 0.508734375 0.5638710925925926 0.5158339837962963
26 0.32346581944444447 0.35396419212962965 0.3200180671296296 0.3506230462962963 0.3137490231481482 0.3556347662037037 0.3134355462962963 0.36524023379629633 0.31594335879629626 0.3781875 0.31970459027777776 0.39280468749999997 0.3215849606481481 0.4057513032407407 0.3200180671296296 0.4174453125 0.3225253912037037 0.4212044282407408 0.32471923842592587 0.4161927083333334 0.32565966898148146 0.42162174537037034 0.3284804675925926 0.4203691412037037 0.32816748148148145 0.41535742129629627 0.3322416990740741 0.42078645833333334 0.33662988194444443 0.4189589837962963 0.3266000972222222 0.4057513032407407 0.3209580069444445 0.3744283842592593 0.31782373148148146 0.35981119675925927 0.32346581944444447 0.35396419212962965
27 0.5105869143518519 0.4868476550925926 0.5143481435185185 0.4889361990740741 0.5143481435185185 0.4843417962962963 0.5171689444444445 0.4801653634259259 0.5130942384259259 0.4797480462962963 0.5115273425925926 0.4743183587962963 0.5065122060185185 0.47515364583333336 0.5068256828703703 0.4822539050925926 0.5008706064814815 0.4893535162037037 0.5061987314814815 0.4901888009259259 0.5105869143518519 0.4868476550925926
28 0.5036914050925926 0.6000286458333334 0.5102734375 0.5945989583333334 0.5112138680555556 0.6016992175925926 0.5143481435185185 0.6046223958333333 0.5149750972222222 0.5962695300925925 0.5174824212962963 0.5983580717592593 0.5209301759259259 0.5954342453703704 0.5140346689814814 0.5891699212962963 0.5033779305555556 0.5900052083333334 0.5014970694444445 0.5991933587962963 0.5036914050925926 0.6000286458333334
17 0.6674614259259259 0.4228535162037037 0.6561777337962963 0.4082363287037037 0.6439536134259258 0.39320117129629634 0.6354912106481481 0.3785833333333333 0.6251474606481481 0.36897786574074076 0.6129238287037038 0.3485136712962963 0.5922368171296296 0.3259609375 0.5662216805555556 0.3146848958333333 0.5461616203703704 0.31134375 0.5267290046296297 0.31301432407407404 0.5138779305555555 0.32261979166666666 0.4982060555555556 0.3280488287037037 0.48128076157407407 0.3322252592592592 0.4678027337962963 0.3443372407407408 0.4631015625 0.35519596296296296 0.45432519444444447 0.36730729166666665 0.4499370115740741 0.38317773379629627 0.4502504884259259 0.39695963425925923 0.45056396527777776 0.4119947916666667 0.44648925694444447 0.424524087962963 0.4411606435185185 0.4412298171296296 0.4383398449074074 0.45334114583333335 0.4333247060185185 0.46419987037037036 0.4232949212962963 0.4771471365740741 0.4192202152777778 0.4930169282407408 0.4192202152777778 0.5097226550925926 0.42110107407407404 0.519328775462963 0.4198471689814815 0.5365260416666666 0.41514550694444446 0.553649087962963 0.4160859375 0.5686842453703703 0.41389209027777774 0.5849720046296296 0.4035483402777778 0.6050188796296296 0.39132470601851854 0.6342539074074074 0.3844291990740741 0.6609824212962963 0.3825483402777778 0.6826998703703703 0.3825483402777778 0.7015677083333333 0.3888168935185185 0.7128437500000001 0.3997871087962963 0.7245377615740741 0.40793652314814816 0.7295494791666667 0.4207875972222222 0.732890625 0.4195336921296296 0.7287141921296296 0.40636962962962964 0.7245377615740741 0.3975932615740741 0.717438150462963 0.38850341898148144 0.7069967453703704 0.38411572222222223 0.694468099537037 0.38568261805555554 0.674421224537037 0.3888168935185185 0.6531210925925925 0.3950859375 0.6339101574074074 0.4060561527777778 0.6092688796296296 0.4160859375 0.5904752615740742 0.41765331944444445 0.5733522129629629 0.41828027314814814 0.5553932291666667 0.4201606435185185 0.5424466157407407 0.4229814444444444 0.5360833333333334 0.4242353518518519 0.526477863425926 0.42266796990740746 0.5126953125 0.42141455092592595 0.5010013032407407 0.4229814444444444 0.4855488287037037 0.4289370115740741 0.474272787037037 0.4386533194444444 0.4604902337962963 0.44084716898148146 0.448796224537037 0.44586230555555556 0.43459700462962964 0.4502504884259259 0.4199791666666667 0.45432519444444447 0.4045266921296296 0.45307128935185187 0.39189908796296297 0.45307128935185187 0.38062239583333335 0.4593403310185185 0.36433463657407406 0.4659223634259259 0.35848762962962966 0.47125048842592593 0.34762890509259264 0.47908642592592593 0.3367701828703704 0.4922509768518519 0.3309231759259259 0.5047880856481481 0.3309231759259259 0.5157583009259259 0.32758203009259257 0.5223408194444444 0.31881184953703706 0.5308032222222222 0.3163059884259259 0.5392661134259259 0.313382162037037 0.5561918935185185 0.3154707037037037 0.5728037106481482 0.3204824212962963 0.5869086921296296 0.32674674537037035 0.5963115231481482 0.33426432175925924 0.609476074074074 0.348046875 0.6163715810185185 0.3655872407407407 0.6276552731481482 0.37686393287037034 0.638312011574074 0.38688737037037035 0.6427001944444444 0.3994166666666667 0.6480283194444445 0.4069342453703704 0.6596254884259259 0.4169570324074074 0.6649541018518519 0.42823372453703706 0.6621333009259259 0.44243359259259263 0.6586850578703703 0.456633462962963 0.659312011574074 0.4695800787037037 0.6630732430555555 0.4833619791666667 0.6652675787037038 0.4950559884259259 0.6690288078703703 0.49230338425925924 0.6640136712962963 0.470046875 0.6615063472222222 0.45542968749999996 0.6671479490740742 0.439141275462963 0.6674614259259259 0.4228535162037037
18 0.5568188472222222 0.4157539050925926 0.5558784189814815 0.4019713541666667 0.5555649421296296 0.38568359259259255 0.5568188472222222 0.37190169212962965 0.5590126944444445 0.346843099537037 0.5640278310185185 0.33306054629629633 0.5706098634259259 0.3259609375 0.5850278310185185 0.32303710879629627 0.599132324074074 0.3284667962962963 0.6138637685185185 0.3309726550925926 0.6251474606481481 0.33974283796296295 0.6326699212962963 0.3548027337962963 0.6348642569444445 0.37025520833333336 0.6336103518518519 0.3865436203703703 0.6276552731481482 0.4036666666666666 0.6185654305555555 0.41160156249999996 0.6091625972222222 0.4053372384259259 0.5981923819444445 0.4007434907407407 0.5837739259259259 0.3957317708333333 0.5781323240740741 0.397819662037037 0.5693559560185185 0.4111842453703704 0.5649677731481482 0.4166132800925926 0.5659082037037036 0.4245488287037037 0.5624604490740741 0.43290169212962964 0.5605800787037037 0.44793684953703705 0.5624604490740741 0.46004817824074073 0.5712368171296296 0.480930337962963 0.5784458009259259 0.4994049490740741 0.5894160162037038 0.51778125 0.6025800787037037 0.537828125 0.6160581064814815 0.553280599537037 0.6176250000000001 0.5603802083333334 0.6191923819444445 0.5749980462962964 0.6220131828703704 0.5896152337962963 0.6273417962962964 0.6059036458333333 0.6254609375 0.6205208333333333 0.6232670902777777 0.6401497407407407 0.6207597662037038 0.6564381504629629 0.6135502939814814 0.6693847662037037 0.609476074074074 0.6810787754629629 0.6047744143518519 0.6990371087962963 0.6050878912037037 0.7157428379629629 0.6075952152777778 0.7165781250000001 0.6066547847222222 0.702796224537037 0.6129238287037038 0.6814960949074075 0.6176250000000001 0.6693847662037037 0.6251474606481481 0.6551848958333333 0.6260878912037037 0.6393144537037038 0.6270283194444445 0.627203125 0.6301625972222221 0.6121679699074074 0.6279687500000001 0.5967154953703704 0.6223266597222222 0.581680337962963 0.6220131828703704 0.5687330717592592 0.6216997060185185 0.5587096342592592 0.6154311527777778 0.5478515625 0.6016401365740741 0.5330618495370371 0.5837739259259259 0.5017382800925926 0.5712368171296296 0.47542708333333333 0.5640278310185185 0.45329231712962964 0.5640278310185185 0.442015625 0.5665351550925926 0.43115690046296296 0.5687290046296296 0.41862760416666667 0.5753115231481482 0.4077695300925926 0.5806396481481482 0.4002519537037037 0.5916098634259259 0.40150455787037037 0.6126103518518519 0.41111067824074077 0.6195058587962963 0.41653971296296294 0.6264013680555556 0.41111067824074077 0.6317299814814815 0.4023398425925926 0.6358046875 0.39148112037037036 0.6373715810185184 0.37561067824074074 0.6364311527777778 0.3555644537037037 0.6323564444444444 0.3430351574074074 0.6207597662037038 0.3305058587962963 0.6038339837962964 0.3250761712962963 0.5812666018518519 0.3196471342592592 0.5640278310185185 0.3246588541666667 0.5571318356481482 0.3380234375 0.5558784189814815 0.3555644537037037 0.5539975578703703 0.37728125 0.5524306643518518 0.38939322916666663 0.5514902337962964 0.4002519537037037 0.5558784189814815 0.4278157546296296 0.5568188472222222 0.4428509120370371 0.5539975578703703 0.450368488425926 0.5580722662037038 0.44958268287037034 0.5596396481481481 0.43204166666666666 0.5568188472222222 0.4157539050925926
19 0.3414882824074074 0.3309231759259259 0.35277197222222223 0.3225703125 0.36342871064814813 0.3066998703703704 0.3762797847222222 0.28874153703703703 0.38568261805555554 0.278718099537037 0.3938320300925926 0.2695299467592593 0.40072753935185185 0.26660677083333334 0.40793652314814816 0.2674420578703704 0.4160859375 0.2745416666666667 0.4276831064814815 0.2833125 0.4377128912037037 0.2904121087962963 0.44304150462962966 0.30168880324074077 0.4502504884259259 0.3104589837962963 0.4524443356481481 0.3250761712962963 0.4521308587962963 0.34345247453703703 0.4483696296296297 0.3598144537037037 0.4411606435185185 0.3769375 0.4333247060185185 0.3928079421296296 0.4245488287037037 0.4074257824074074 0.41483203009259256 0.40867838425925923 0.40198144444444445 0.4111842453703704 0.39195165972222223 0.4149427083333333 0.3853691412037037 0.4224602870370371 0.37941406250000004 0.4400013009259259 0.3781601550925926 0.450860025462963 0.38599609490740744 0.46965364583333336 0.3975932615740741 0.4851067708333333 0.4107578125 0.5051536458333333 0.41859326157407406 0.5239472662037037 0.42141455092592595 0.5414882800925925 0.4201606435185185 0.5490058587962964 0.41890673842592596 0.5594466134259259 0.4170263680555556 0.571975912037037 0.4073095694444444 0.5761523449074074 0.3972797847222222 0.5865930995370371 0.3903842777777778 0.584922525462963 0.38568261805555554 0.5882636712962963 0.38066796759259264 0.5999576828703703 0.38192138657407404 0.6007929675925925 0.38850341898148144 0.589516925925926 0.39320507870370375 0.5903522129629629 0.40041406249999995 0.5886816412037037 0.4057426759259259 0.5857578124999999 0.4107578125 0.5790761712962963 0.4160859375 0.5778229166666666 0.42141455092592595 0.5715585925925926 0.42141455092592595 0.5569407546296297 0.423921875 0.5439941412037037 0.4229814444444444 0.5281236990740741 0.4195336921296296 0.514759113425926 0.41357861342592595 0.5059889328703704 0.4073095694444444 0.4947122407407407 0.40135449305555554 0.48301822916666665 0.39414550694444445 0.47331445370370373 0.38474218750000005 0.4641263032407408 0.38098095601851856 0.4490911458333333 0.3838022453703704 0.43781510416666664 0.3900708009259259 0.42319726620370374 0.3963393564814815 0.41651497453703706 0.4066831064814815 0.41442708333333333 0.4195336921296296 0.4110859375 0.42642919907407406 0.4110859375 0.4314443356481481 0.4044036458333333 0.4377128912037037 0.38936849074074076 0.4436684560185185 0.37767447916666663 0.44931005787037037 0.3622220046296296 0.45307128935185187 0.3496927083333333 0.45495214814814816 0.3300631504629629 0.45401171759259257 0.3175345046296296 0.44805664120370375 0.30500520833333333 0.44335498148148145 0.2937285162037037 0.4364594722222222 0.28662890740740743 0.42642919907407406 0.2791113287037037 0.41483203009259256 0.2678346365740741 0.4057426759259259 0.2628235671296296 0.3997871087962963 0.262405599537037 0.38944384722222225 0.2690878912037037 0.37972753935185183 0.2799466134259259 0.35716015740740736 0.31009049537037037 0.33710009722222223 0.3309726550925926 0.3289506828703704 0.3372369791666667 0.32299560648148146 0.3500032546296296 0.32644335879629627 0.3522233078703704 0.33114501851851846 0.34261718750000003 0.3414882824074074 0.3309231759259259
20 0.5094897453703704 0.670569662037037 0.5072958981481481 0.6772519537037036 0.5091762685185185 0.6797578125 0.5123105462962962 0.6747460949074074 0.5135644537037037 0.6672285162037037 0.5129375 0.6563697916666668 0.5091762685185185 0.655116537037037 0.5107436527777778 0.6622167962962963 0.5094897453703704 0.670569662037037
21 0.5051015625 0.601240886574074 0.5088627939814815 0.6091764328703704 0.5126240231481481 0.6166940092592592 0.5176391597222222 0.6191998703703704 0.5267290046296297 0.6221230462962963 0.5402065439814815 0.6171113287037037 0.5345644537037038 0.615796875 0.5267290046296297 0.6179466157407408 0.5141914074074074 0.6116822916666668 0.507609375 0.5991529953703704 0.5051015625 0.601240886574074