0 0.6807418265625 0.47851965312500006 0.6880054531249999 0.48637522187500004 0.6959985093750001 0.49134664843750003 0.7106496140624999 0.4935053640625 0.7133719140625 0.48796659375000007 0.7105541796875 0.483432528125 0.6969733640625 0.4744293921875 0.6884940203125 0.47138072500000006 0.6811326796875 0.4665240546875 0.6780479390624999 0.46043316250000005 0.6759096390625 0.46105027343750005 0.6753256390625 0.46597193593749997 0.6807418265625 0.47851965312500006
0 0.664512565625 0.469538178125 0.6682551609375 0.46519030156249996 0.6367192187499999 0.4514171453125 0.6295271687499999 0.45111620312499995 0.6255652890625 0.45894366875000003 0.6308121859375 0.466935659375 0.639558534375 0.471541153125 0.6496660359375 0.4733772625 0.664512565625 0.469538178125
0 0.64188086875 0.5302849171874999 0.6549515359375 0.538692609375 0.6706229312499999 0.5420422171875 0.6806588546875 0.5363236984374999 0.6821177203125 0.5305554140625001 0.678911409375 0.5249452125 0.6644557328125 0.5167887 0.6568751078124999 0.51541161875 0.6452848859375 0.5168255875 0.6354205296875 0.5140280984375 0.6333060890625 0.5171634171874999 0.64188086875 0.5302849171874999
0 0.6101256421875 0.519991353125 0.6220567234375001 0.5146171046875 0.597955975 0.5001835125 0.5772546875 0.4984340578125 0.5708875046874999 0.5053218078125 0.5715907984374999 0.512991190625 0.58162444375 0.52034440625 0.596153975 0.5229838140624999 0.6101256421875 0.519991353125
0 0.5705625984375 0.41777994375 0.584581984375 0.419823903125 0.5972902125 0.41660193124999995 0.6031711078125 0.4116369421875 0.5942554703125 0.40247572187499997 0.57678663125 0.39578294375 0.5640545421875001 0.39648670625000004 0.5561330609375 0.39906990625 0.5538970453125 0.40268591562499995 0.55953251875 0.4117540421875 0.5705625984375 0.41777994375
0 0.63646133125 0.3975733796875 0.6396460625 0.38759363750000003 0.635274028125 0.3787550234375 0.623538375 0.3781314734375 0.61238444375 0.385657996875 0.609612146875 0.399232084375 0.6113834515625001 0.4131287796875 0.6151737640625 0.41381732031249996 0.63646133125 0.3975733796875
4 0.63435251875 0.5078007859375 0.6331890734375001 0.4915006375 0.6384882453125 0.47838557656249997 0.6351603625 0.4732560640625 0.6239564375 0.48881790625 0.6265048921874999 0.5048668765625 0.6227861546875 0.5117329625 0.6298566328125 0.5125145953125 0.63435251875 0.5078007859375
4 0.657503584375 0.4378133703125 0.65604638125 0.4400429234375 0.6602286625 0.44352368750000004 0.6643459859374999 0.44608564375000004 0.6707739640625 0.44657308125000006 0.6763693796875 0.4491767953125 0.6754581765625 0.455133559375 0.6743615968750001 0.4594693859375 0.6675180093749999 0.4623077203125 0.6724657640625 0.46343327187499994 0.6785778171875 0.46046204687500003 0.6790503906249999 0.45623961562500004 0.6810891921875 0.44935393125 0.6786049484375 0.4450478734375 0.6722210390625001 0.4432079328125 0.6649383453125 0.44256522656249997 0.6617955249999999 0.44086055 0.657503584375 0.4378133703125
4 0.636873134375 0.4322516703125 0.641067834375 0.430972909375 0.6411017734375 0.428484809375 0.635177384375 0.42718184375 0.6299217031250001 0.42441309531250004 0.62365758125 0.42327516875000004 0.6182922421875 0.420940003125 0.615287834375 0.4160859484375 0.611275225 0.4121825046875 0.6094234593750001 0.41479388593750005 0.604802546875 0.4130474546875 0.60175759375 0.4156688359375 0.6114589421875001 0.41969867968749996 0.616900628125 0.42408847656250004 0.6219262343749999 0.426588678125 0.6290552015624999 0.42901747187500006 0.636873134375 0.4322516703125
2 0.5272656890625 0.3264289359375 0.5144072125 0.3322435765625 0.4989162625 0.344864209375 0.482778659375 0.36274304218750003 0.46667527499999995 0.3795878515625 0.45439253749999997 0.3912301640625 0.4389536859375 0.40004470468750003 0.4207833109375 0.40975019375 0.40682522812500005 0.4197010125 0.3949280796875 0.430720046875 0.386689175 0.44708546875 0.389147796875 0.4589777703125 0.39227737500000004 0.4682171390625 0.39167896875 0.47868732343750003 0.3856873390625 0.48887110937499995 0.3742432046875 0.49719761875 0.3651539015625 0.5016159734375 0.3627737109375 0.507427053125 0.3587765578125 0.512423525 0.353423346875 0.516480328125 0.3485378046875 0.5240907328125 0.343316965625 0.53302688125 0.3429199203125 0.541799571875 0.3486966296875 0.55047906875 0.34696900625 0.55640869375 0.33973005 0.5634176203125 0.333765584375 0.567189928125 0.3284784984375 0.5736866453125 0.323324840625 0.580554515625 0.31874124843749996 0.5878723546875 0.31284227656249997 0.5940844578125 0.3062246125 0.59773810625 0.29478047812499997 0.60606461875 0.29865835 0.6069425234375 0.306257028125 0.601212640625 0.31326040312500003 0.596935228125 0.3192426265625 0.5903913328125 0.32465541875000004 0.5833975828125 0.33063004375 0.5759850171875 0.3365626046875 0.568738771875 0.34515761875 0.562669509375 0.3514499015625 0.5567023125 0.352214146875 0.5500778140625 0.348070596875 0.54394893125 0.34646535625 0.5349864703125 0.3505381640625 0.5287895421875 0.3542507375 0.5213129734375 0.35769453125 0.5176031375 0.364556125 0.512086271875 0.3681511046875 0.5059760015625 0.37280094531249997 0.5010975953125001 0.382845275 0.49650581093749996 0.390252 0.48883353124999995 0.3937892046875 0.48115164843749997 0.39473897812500003 0.4710922109375 0.39273979375 0.461884728125 0.3910105328125 0.448911221875 0.3958311234375 0.43435223437500003 0.4076862078125 0.42349951875 0.42488572968750005 0.41223000625 0.4484010859375 0.3975989265625 0.4588222625 0.3915144890625 0.4727887578125 0.378617428125 0.4999289703125 0.34816990312499996 0.5177994453125 0.3342474609375 0.5317045546875 0.32879590468750003 0.5463620312499999 0.329377565625 0.5583299234375 0.3306843421875 0.5705741640624999 0.3336024359375 0.5851541796874999 0.3398931140625 0.5941726921875 0.346560153125 0.6077882781249999 0.35666414999999996 0.616227828125 0.3665217046875 0.6226072625 0.3784324234375 0.63145834375 0.40917509531249996 0.636881125 0.42195277343750004 0.647933584375 0.4322844828125 0.6543054749999999 0.43951199062499996 0.6577843515625 0.43693574843749994 0.643259225 0.42380523593749997 0.6335823875 0.40713304531250005 0.6235843265625001 0.3746214015625 0.617256184375 0.3627194984375 0.6059438390625 0.352514034375 0.590134765625 0.34027750625 0.5754549124999999 0.332581534375 0.561370965625 0.3284624609375 0.5470992031249999 0.3272570375 0.5272656890625 0.3264289359375
2 0.568662653125 0.4518748890625 0.5555880421875 0.4531413796875 0.541256453125 0.4548738640625 0.5264395609375 0.4558238546875 0.5170668187499999 0.4577628234375 0.5088231750000001 0.464242828125 0.503267975 0.4699970109375 0.49950522656249996 0.4767706359375 0.497718021875 0.48563720468750005 0.49562458906250006 0.49566234375 0.49562160625 0.5046795765625001 0.4902683953125 0.5087363796875 0.4849393671875 0.5153989343750001 0.4838408796875 0.5188409843749999 0.4757827640625 0.5218860484375 0.47888921093750003 0.5240114765625 0.484384834375 0.5211942406250001 0.48889289375 0.51507638125 0.49612361875 0.5071986703125 0.49637216874999995 0.5152213531250001 0.4969125109375 0.5265917234375 0.49808249687500006 0.5354751171875 0.49776996718750005 0.5439162468750001 0.496050696875 0.5507141703125 0.49272332343749997 0.55756638125 0.48695841093750003 0.5641497531249999 0.4796615609375 0.5695875515625 0.47041271875 0.5755380406249999 0.45962358593749997 0.579474653125 0.44063405 0.5852162828125 0.429702628125 0.5879128437500001 0.4133863921875 0.5873767703125 0.3990644546875 0.5854684015625 0.3829923921875 0.5823758296875 0.3668880390625 0.57580824375 0.35682313906249996 0.568777159375 0.352528946875 0.5605399265625 0.33822020625000004 0.5421595296875 0.31728476250000004 0.5303789109375 0.30926321875 0.5233726046875 0.29655118593749996 0.516901390625 0.28653595 0.5105726546875 0.28026440625000004 0.5047510359375 0.2780803265625 0.4989786109375 0.2813995875 0.4912571359375 0.2750576421875 0.4965219890625 0.273062653125 0.5017087109375 0.277148309375 0.5062664609375 0.282281228125 0.5111874109375 0.304270903125 0.52419978125 0.313992665625 0.5316889046875 0.3308096484375 0.5411602578125 0.3387732984375 0.54659543125 0.3468526171875 0.555173346875 0.3498563671875 0.5649102312500001 0.3560522578125 0.571932309375 0.3652460171875 0.57880514375 0.376468053125 0.5839649437500001 0.3915264421875 0.5856601796875001 0.404382690625 0.588862403125 0.4143406953125 0.5891107421874999 0.43170307656249995 0.5907041421875 0.4552297140625 0.58439905625 0.46705763281249996 0.5799578203125 0.48077078906250004 0.5725638671875 0.49176308437499994 0.562421203125 0.497687415625 0.5543061765624999 0.5130124390625 0.5524077453125 0.5323019984374999 0.5508825921875 0.5423864640625 0.5506335296875 0.550738053125 0.5464280765625 0.5612850593750001 0.5398461218749999 0.5710275593749999 0.535546428125 0.585442909375 0.5334827468750001 0.5685405984375 0.534574278125 0.5568242437500001 0.5392092390625 0.5466369609374999 0.5470702390625 0.5367025078125 0.5494275359375 0.52478415625 0.548823590625 0.5124885671875 0.549711221875 0.49838264375 0.552351484375 0.4999341453125 0.5462169140625 0.5002484828125 0.5332672281249999 0.499181946875 0.5167720109375 0.4988429640625 0.5037041453125 0.49923283124999995 0.48955448281249997 0.5028391453125 0.47529528125000003 0.511444196875 0.46558624374999996 0.521731946875 0.4591306515625 0.542735353125 0.4573969625 0.5573686437500001 0.45537287187500003 0.580042415625 0.45307482656250003 0.5978831687499999 0.4500727859375 0.610682065625 0.4471950921875 0.6295877171875001 0.44178514062499996 0.64722891875 0.4359720328125 0.6541148203125 0.4330604390625 0.6544679953125 0.42896262500000004 0.6513614265625 0.42683767812499995 0.6419080671875 0.42806867187500003 0.6418236015625001 0.43117455624999995 0.6461627187500001 0.43022872031250003 0.6506016734375 0.43068817656249997 0.6477531828124999 0.432945540625 0.6376929015624999 0.43580035156249997 0.6249944703125 0.4400834546875 0.61225346875 0.4445322765625 0.5941604328125 0.4485292328125 0.568662653125 0.4518748890625
2 0.6710448640625 0.45421218281250003 0.6812338828125 0.4521389421875 0.6912244750000001 0.4508476703125 0.7126227734375 0.44181805 0.7190608296875001 0.4375917953125 0.7268035984375001 0.42820676874999997 0.731719784375 0.41471192187500006 0.730214771875 0.40282945156250005 0.72567715 0.39105069531250003 0.7167941890625 0.38371445 0.7028327796875 0.37692678281249997 0.69179334375 0.37132452968749996 0.683826028125 0.3654623375 0.6727380984375 0.3634481265625 0.6557336328125001 0.36444719062500003 0.6486645078125 0.36692328125 0.633955878125 0.376677928125 0.6277066390625 0.3835539203125 0.6266530296874999 0.39366337812499996 0.6282578984375 0.41619164375000006 0.633004925 0.44157934218749995 0.63377875625 0.44889287656250004 0.6371065406249999 0.44930464062500003 0.6372293906250001 0.451502784375 0.6373614843750001 0.45152677968750005 0.6462694078125 0.452818171875 0.6710448640625 0.45421218281250003
2 0.5031451359375 0.394118021875 0.49261072656250005 0.38991522968750003 0.475781159375 0.3876755140625 0.457853659375 0.38638066875 0.4438192671875 0.384976028125 0.427417053125 0.3801975078125 0.41646427187499996 0.375101703125 0.40419247656249996 0.369275078125 0.38916407343750004 0.36392911250000004 0.3772944234375 0.36160949375 0.36557332656249997 0.3620962 0.3535517953125 0.3654715734375 0.34507603750000004 0.3709621890625 0.33825789375 0.378389446875 0.3302002640625 0.38477403125 0.32144768749999997 0.3913591765625 0.3147953421875 0.39897995625 0.31135717500000004 0.4083289328125 0.3104541 0.41699411093750005 0.315718546875 0.427597184375 0.32419005 0.43911015000000003 0.33855321875 0.449403746875 0.34595124374999997 0.4558161296875 0.349968575 0.46455762968750003 0.349785325 0.4712283421875 0.3402900265625 0.4773512578125 0.32681471875 0.483078484375 0.311057490625 0.48593864375000007 0.2913126234375 0.4875842078125 0.270367271875 0.488030278125 0.2523757953125 0.48590680312499995 0.242867928125 0.48189048906250004 0.23838385468749998 0.4758435421875 0.22783418125 0.47000295156250005 0.20584073749999998 0.463555128125 0.17668312656250001 0.458258415625 0.1496021328125 0.455791475 0.12147022656249999 0.4549325546875 0.10907142656249999 0.45300701718749997 0.1053981359375 0.45479227031249997 0.1120559296875 0.45649241875 0.132918178125 0.4573389703125 0.166514903125 0.459517925 0.199360434375 0.46466706562500004 0.2222537375 0.470297440625 0.23172972656250002 0.47528887500000006 0.23775434999999998 0.47948994375 0.2417730265625 0.483980725 0.250293984375 0.48765385468750005 0.2641305765625 0.4898405796875 0.28679754062499996 0.4893799453125 0.3062655875 0.488828909375 0.3219514296875 0.48710010156249994 0.33622360156250003 0.48331656250000005 0.348734003125 0.475615128125 0.3527243375 0.46832828437499996 0.3527741796875 0.460489525 0.3462141234375 0.4516129234375 0.336430275 0.444439828125 0.32491017968749997 0.4356436140625 0.3178916140625 0.4260301109375 0.31497996875 0.41716216250000004 0.315828146875 0.40701588906249997 0.3189182265625 0.39989231406250003 0.3268738125 0.3913639625 0.3357061640625 0.3844660015625 0.344285309375 0.3768684375 0.350952921875 0.37088545625 0.35939679999999996 0.366369965625 0.3761015515625 0.3640087359375 0.399808975 0.3696230984375 0.41249902031249996 0.3763432109375 0.42247372812500006 0.38044433125 0.43465823906249995 0.38576439218749997 0.45210373125 0.38811599218750004 0.47745560468750003 0.3897781171875 0.4993547609375 0.394900590625 0.5271737796875 0.41336163593749997 0.5402974625 0.422612559375 0.554021684375 0.43033805156250005 0.566822121875 0.43576999843750003 0.5874970578125 0.4414875953125 0.6149803203124999 0.44746106250000006 0.6339926921875 0.45091481250000004 0.63377875625 0.44889287656250004 0.6305909640625 0.4484984359375 0.5949837390625 0.44137598906250003 0.571023865625 0.43506165625 0.5536506015625 0.427327396875 0.5411587390625 0.41982627499999997 0.5260133406249999 0.4092266734375 0.5031451359375 0.394118021875