1 0.7046404675925926 0.5224857847222223 0.7041472361111111 0.527408550925926 0.7061310694444445 0.5282487361111111 0.7105131898148147 0.5225675185185185 0.7188629722222223 0.5185666712962963 0.7279265462962963 0.5164717685185185 0.7433403217592592 0.5090480694444445 0.7471189328703703 0.5048752592592592 0.7456283310185186 0.49911230787037036 0.7306447708333332 0.49966218055555556 0.7216442129629629 0.5037081435185186 0.7127381828703704 0.5106806990740741 0.7046404675925926 0.5224857847222223
8 0.6808344907407408 0.5124035578703704 0.6704221064814815 0.5131253958333334 0.6607550185185185 0.5167287083333333 0.6538170648148148 0.5240536805555556 0.6560372106481481 0.5322103425925926 0.6632272361111111 0.5326896111111111 0.6974661967592594 0.5224942847222223 0.6947055555555556 0.5177970925925925 0.6808344907407408 0.5124035578703704
9 0.685955849537037 0.46902908796296294 0.6971292893518518 0.47167649305555553 0.7049385810185185 0.47113511574074074 0.7210346365740741 0.4646418263888889 0.7254325115740741 0.4594483773148148 0.7252434606481482 0.45359519444444446 0.7165470787037037 0.44686521296296294 0.7002934814814815 0.44848084722222226 0.685514724537037 0.4553716689814815 0.6741631412037037 0.46740232870370374 0.6755749722222222 0.4707264583333333 0.685955849537037 0.46902908796296294
10 0.6386274768518518 0.4576444074074074 0.6236596712962963 0.4586820462962963 0.6121190324074074 0.4648595277777777 0.6097522523148149 0.472356462962963 0.6145597407407407 0.4798448981481481 0.6354475324074074 0.48035228472222224 0.6624649606481482 0.468702162037037 0.6518162569444444 0.46210752546296296 0.6386274768518518 0.4576444074074074
11 0.5917426666666666 0.5811535532407407 0.6105048356481482 0.5764308703703703 0.6213316828703703 0.5683474444444444 0.6165872106481481 0.5628100671296297 0.6046999768518518 0.5582567175925925 0.5903671921296296 0.5587614791666667 0.5781285162037038 0.5635207824074074 0.5705712962962962 0.571866400462963 0.5719988796296297 0.5756782893518518 0.5792834305555555 0.5790841481481481 0.5917426666666666 0.5811535532407407
12 0.6336963935185186 0.5674902638888889 0.6297917476851852 0.5677609513888888 0.6250109212962963 0.5812915231481481 0.6248012685185186 0.5949940601851852 0.6342114421296295 0.6036299861111111 0.6459726412037037 0.6042812175925926 0.6522283125 0.5960258287037037 0.6512466967592593 0.5858278773148148 0.6336963935185186 0.5674902638888889
24 0.6697337592592592 0.4716202546296296 0.6625594861111112 0.47162875231481477 0.664748125 0.47880988425925924 0.6587287685185186 0.4943817453703704 0.6664386898148149 0.5109572592592593 0.6708523194444445 0.5062515717592593 0.6684588726851851 0.49272949537037036 0.6731609259259259 0.47676009722222223 0.6697337592592592 0.4716202546296296
25 0.7012546342592593 0.5246837592592593 0.6961082592592592 0.5252610046296297 0.7022694791666667 0.5288024236111111 0.7024115833333333 0.5332020625 0.7020170787037038 0.539182224537037 0.6959072361111112 0.5411491111111112 0.6894334953703704 0.5409364791666667 0.6847969537037037 0.5430217037037037 0.6798959837962962 0.5460071574074074 0.6808539884259259 0.5483659652777777 0.6857691689814814 0.5458204722222222 0.6892536805555556 0.544476537037037 0.6966079189814814 0.5446281296296296 0.7033325277777778 0.5435005231481481 0.706731125 0.5395168472222223 0.7062109097222223 0.5324977268518518 0.7066622569444445 0.5282774189814815 0.7012546342592593 0.5246837592592593
26 0.6343034097222222 0.5652625 0.6383366203703703 0.5607938796296297 0.6441600671296297 0.5590673240740741 0.6506131435185186 0.5586199675925926 0.6564223819444445 0.5564534421296297 0.6625748541666666 0.5558064490740741 0.6630830416666667 0.553346 0.6592062083333333 0.5516304884259259 0.6507574351851851 0.5539799976851851 0.643166537037037 0.5556086064814815 0.6376436944444445 0.5575347986111111 0.6312971944444444 0.5612818865740741 0.6208094375000001 0.5642136967592593 0.623254951388889 0.5671308055555555 0.6282127615740741 0.5659052083333334 0.6294784768518519 0.5686836319444444 0.6343034097222222 0.5652625
17 0.5052387106481482 0.6198701273148147 0.4849837268518518 0.5868758680555556 0.4739569050925926 0.5726333611111111 0.46495857638888893 0.5655004722222222 0.44485018981481483 0.5485149189814815 0.4302662962962963 0.5355304537037037 0.4208858703703704 0.5235345023148148 0.41928094212962963 0.508638337962963 0.42381908333333335 0.4960147986111111 0.42780452083333337 0.4871390185185185 0.4290542222222222 0.4771036527777778 0.42722305787037035 0.4691365879629629 0.4215566319444444 0.46076127083333335 0.4126065671296296 0.4551429375 0.4090627337962963 0.4498239513888889 0.4068321018518518 0.44340248379629627 0.4012363217592593 0.4372143009259259 0.39863273379629627 0.4331793796296296 0.3965831412037037 0.4253961157407407 0.39389804166666664 0.4188374976851852 0.39743987731481484 0.41016112962962964 0.4028791365740741 0.4045567013888889 0.40356462962962963 0.397933074074074 0.398630875 0.3913616875 0.3914382476851852 0.3844409282407408 0.3871393657407407 0.37664542824074076 0.3828350300925926 0.3686811597222222 0.3789960532407407 0.36119109027777774 0.37449502777777777 0.3540837407407408 0.36848889351851855 0.3491041064814815 0.3622093402777778 0.34262601620370375 0.35817672222222224 0.34307423379629626 0.36770016666666666 0.3525314097222222 0.37346004166666663 0.3568534930555555 0.3779508472222222 0.36362424074074073 0.3808978425925926 0.3713448032407407 0.38450753703703705 0.37868260416666666 0.388330224537037 0.3856683263888889 0.3934171990740741 0.3900370555555555 0.39906188425925926 0.3977392592592593 0.3994820393518519 0.40378075925925927 0.39186953472222225 0.4117273935185185 0.3903525046296296 0.42043253703703704 0.39357835416666664 0.42981983796296297 0.3967607546296296 0.4378618819444444 0.40118026620370373 0.4424455393518518 0.40405183564814817 0.4478106412037037 0.40514424074074074 0.45380553935185186 0.41318601851851855 0.459149525462963 0.4227094606481482 0.4686067037037037 0.42642717592592594 0.47930915046296296 0.42473996296296296 0.48971215972222226 0.41962780787037035 0.4984973888888889 0.41460259953703704 0.509974599537037 0.41920036111111114 0.5270234861111112 0.42858623611111113 0.5391882060185185 0.44024630092592587 0.5505206412037037 0.4561325162037037 0.5620655787037037 0.4695068773148148 0.5724358912037038 0.4791389930555556 0.5852576736111111 0.491422962962963 0.6036289305555556 0.5035156643518518 0.6230248935185185 0.5161128171296296 0.637159025462963 0.5275843078703704 0.6442886273148148 0.5474118379629629 0.6456120902777778 0.5618120324074074 0.6459625578703704 0.5766606527777778 0.6434157662037037 0.5928784953703704 0.6374014282407408 0.6112037037037038 0.6270255810185185 0.6246321365740741 0.6181697939814815 0.6334926041666668 0.6071008449074073 0.6504765162037037 0.5760777291666667 0.6636930092592592 0.560660037037037 0.6809410069444445 0.5492628495370371 0.6780558148148148 0.5463434675925926 0.6701699074074073 0.5527921296296296 0.6569714282407408 0.5618006319444444 0.6488171041666667 0.5738320763888889 0.6333546111111111 0.6032323078703704 0.6244414120370371 0.614304423611111 0.6139345486111111 0.6231268194444445 0.5982466064814815 0.6316337685185185 0.5878609907407407 0.637243300925926 0.5720480648148148 0.6418808078703704 0.5592833958333333 0.6434403402777777 0.5471433611111111 0.6434386689814815 0.5324969074074074 0.6424306504629629 0.5199095532407407 0.6355465717592593 0.5052387106481482 0.6198701273148147
18 0.5412136736111111 0.4533093425925926 0.5458622083333333 0.43713686805555557 0.548370761574074 0.42431622685185183 0.5481697013888889 0.4180913703703704 0.5615681759259259 0.42222121759259257 0.5735549722222222 0.4244250578703704 0.5854928819444445 0.4251153657407407 0.5948206898148148 0.42851547916666666 0.6032004583333334 0.4373773194444444 0.6137974374999999 0.44321879166666667 0.6303032847222222 0.4461212847222222 0.6164727361111111 0.44252736111111113 0.6077580578703704 0.4372300185185185 0.5987434212962962 0.42959229398148147 0.5913860648148148 0.42453816898148145 0.5814505671296296 0.4232035671296296 0.5626743240740741 0.41961518750000004 0.5479066597222222 0.41608622453703703 0.5438051180555555 0.40743376388888886 0.5351247569444444 0.39623207407407407 0.5231505324074074 0.3874507638888889 0.5124008472222222 0.3817885324074074 0.49046821064814816 0.37302296296296295 0.4729219444444444 0.37272194444444445 0.46300340046296296 0.3718921342592592 0.449570599537037 0.373666150462963 0.4342845069444444 0.37371441203703704 0.4220442847222222 0.37759778935185184 0.41144025 0.3833916041666666 0.40377342824074075 0.3896564236111111 0.3986775787037037 0.3989464930555556 0.38880621759259254 0.40654424074074075 0.37973380787037037 0.411051287037037 0.36101230324074074 0.41858794675925926 0.349751025462963 0.4249332962962963 0.3251343240740741 0.43540798842592593 0.31897803009259257 0.439712875 0.31393825231481487 0.4437721967592592 0.3147850347222222 0.4491090092592593 0.31992093055555554 0.45499224768518515 0.31831428472222223 0.44700961805555556 0.3217348587962963 0.44154562500000005 0.32921520833333334 0.43647432407407405 0.3405145185185185 0.4313064444444445 0.3545163148148148 0.4262890092592592 0.3639882106481482 0.4202368564814815 0.38729235416666663 0.41086460416666665 0.4054692199074074 0.3942602476851852 0.4115168217592593 0.38659026851851847 0.42301827314814816 0.38073423379629634 0.4404015138888889 0.3759878657407408 0.4569960416666667 0.3746692847222222 0.4715990162037037 0.3743310694444445 0.48787871990740744 0.37556317361111113 0.4981202476851852 0.37940590972222227 0.5156811041666667 0.38712530324074074 0.5255116435185185 0.39217712037037034 0.5333778217592593 0.39905118287037034 0.5394219884259259 0.40520828009259263 0.5436991458333333 0.412331150462963 0.5455031157407407 0.41945633101851854 0.5457259143518518 0.42635430555555554 0.544197361111111 0.4347229375 0.5411039074074074 0.4433682199074074 0.5380926203703703 0.45453715509259257 0.536099375 0.4624320347222222 0.5306520300925927 0.45387287268518517 0.5275185486111111 0.44734533796296294 0.522688037037037 0.44397027314814813 0.5191479305555555 0.44573359490740744 0.5264672546296296 0.4496102546296296 0.5268058842592592 0.4531275717592593 0.5306340069444444 0.4602815717592592 0.5350535185185186 0.46486522916666667 0.5330928680555556 0.47376929166666665 0.5329835555555555 0.4838942592592592 0.5328231759259259 0.4928421759259259 0.5350755462962963 0.49993675925925923 0.5393255277777778 0.506218238425926 0.5460806412037037 0.5135066388888889 0.5549431087962963 0.5164330416666667 0.5694139467592593 0.5189706435185185 0.5832336412037037 0.5222285 0.5959096458333334 0.5248905324074075 0.6204393541666667 0.5309467129629629 0.637492050925926 0.5368466111111111 0.6491445879629629 0.5426149074074074 0.6607910416666667 0.5482149699074074 0.6701351527777777 0.5521199166666667 0.6724653217592592 0.5546563819444444 0.6679680115740741 0.5546308472222222 0.6638756203703703 0.5532284814814815 0.6632829537037037 0.5563043912037037 0.6723794490740741 0.5585404398148148 0.6759195671296296 0.5567776064814814 0.6764620509259259 0.5526932407407407 0.6702748657407407 0.5490749166666666 0.65406525 0.5414305046296296 0.6365152638888889 0.5340476666666667 0.6244632453703703 0.5298244791666666 0.6074438101851852 0.5249342083333334 0.5854834513888889 0.5202173217592593 0.5714283819444445 0.5166389606481482 0.5509998055555555 0.5126596527777778 0.5422144722222222 0.5051746828703704 0.5358045046296296 0.4946588773148148 0.5353371643518519 0.48018981712962966 0.5380322037037037 0.4661761435185185 0.5412136736111111 0.4533093425925926
19 0.7074809282407407 0.5367825069444444 0.6978390879629629 0.5336353981481482 0.672992800925926 0.532337212962963 0.6638873425925925 0.5326506921296296 0.663751261574074 0.532660125 0.6631508981481481 0.5348173402777777 0.6597647060185184 0.5348646689814814 0.6574055416666666 0.5420026203703704 0.6471746550925926 0.5665583263888889 0.6406790833333333 0.5886298078703703 0.6395213472222222 0.5987257708333333 0.6442145648148149 0.6061898680555556 0.6566608402777777 0.6174096273148147 0.6631243680555555 0.6206177060185185 0.6797515439814815 0.623439925925926 0.6911739305555555 0.6226480717592593 0.7003429675925926 0.617719775462963 0.7124986550925926 0.6133798009259259 0.7278070069444444 0.6081847754629629 0.7382040694444444 0.601899826388889 0.7452640208333333 0.590759175925926 0.7493424351851852 0.5791887291666666 0.7474110833333334 0.5653329907407407 0.741784738425926 0.5552302083333334 0.7363274745370371 0.5503621157407408 0.7170964791666667 0.5391360717592593 0.7074809282407407 0.5367825069444444
19 0.35730652546296293 0.5747301643518519 0.3504624212962963 0.5663020532407407 0.34321514583333335 0.5585374050925926 0.33719143287037034 0.5492575370370371 0.3356816180555555 0.5418900231481482 0.33705087037037035 0.5317798819444444 0.34186625694444445 0.5233378703703704 0.3509123449074074 0.5146030555555555 0.3642396944444445 0.5071612083333333 0.3754936597222222 0.5011346111111111 0.38392506944444443 0.4930779236111111 0.38558267129629625 0.48533243981481483 0.38321661342592594 0.47770652546296294 0.3725008009259259 0.4687514490740741 0.35918660185185186 0.46347476851851854 0.3440245763888889 0.46007434027777777 0.32485939583333334 0.4574285532407408 0.30250566435185183 0.45452668749999997 0.28832286574074073 0.4551921527777778 0.2790820856481482 0.4578991689814815 0.27412324074074074 0.461899587962963 0.26724037962962965 0.4653973912037037 0.2567664652777778 0.4693030208333333 0.2328621388888889 0.4723910694444445 0.1992038587962963 0.4739295416666667 0.1654482361111111 0.47245411574074075 0.14459761574074073 0.47103781250000004 0.1376321388888889 0.4719978194444444 0.14088216203703705 0.4741571550925926 0.15358379861111113 0.47359437268518517 0.1816384861111111 0.475783261574074 0.20900229629629627 0.47627091666666665 0.23903942824074076 0.4741885972222222 0.26223036111111114 0.4701962430555555 0.27395278703703707 0.4655680601851852 0.2797115277777778 0.46008129861111113 0.29000468055555556 0.4571419583333333 0.3082895625 0.45698748842592596 0.32894102314814816 0.45968911805555557 0.3481420763888889 0.46344554629629625 0.36312845833333335 0.4679707893518518 0.3752300162037037 0.4750806689814815 0.38330278935185186 0.48215159722222223 0.3820316944444444 0.4887581365740741 0.37614854166666667 0.4969559236111111 0.3674236412037037 0.5024889467592593 0.3509538541666667 0.5111024050925926 0.34005485185185186 0.5215559282407407 0.3325309236111111 0.5314572268518518 0.33153857407407405 0.5401108402777778 0.3329086018518519 0.5497133217592592 0.33783895138888886 0.557956349537037 0.3450753194444445 0.5654035046296296 0.35166694675925925 0.5725776041666667 0.3568036759259259 0.5806474421296296 0.36400417361111115 0.5869839583333333 0.3751777523148148 0.5916146481481481 0.3866827638888889 0.5933605856481482 0.398946037037037 0.5923515601851852 0.41499741203703705 0.588695275462963 0.42842274305555555 0.5842667939814815 0.4403823055555556 0.5804175393518518 0.45767102314814817 0.5774698726851851 0.4718794560185185 0.5775980023148148 0.48992051388888885 0.5782548310185185 0.5070797152777777 0.5778601527777778 0.5184303726851852 0.5748475023148149 0.5443738425925926 0.5623977523148148 0.5616851527777778 0.5535665902777778 0.5756931226851852 0.5475084421296297 0.5945874074074075 0.5417470648148148 0.6196972291666667 0.5380988078703703 0.6565209652777777 0.5349100069444445 0.6597647060185184 0.5348646689814814 0.6604169305555556 0.5328912777777778 0.6408310625 0.5342490648148148 0.6123051782407407 0.537180375 0.5905793819444445 0.5405940347222222 0.5767163194444445 0.5445757384259259 0.5614387060185185 0.5507223935185185 0.5464238124999999 0.5584401111111111 0.5148460185185185 0.573665587962963 0.4920370972222222 0.5763594537037037 0.466561425925926 0.5752637824074074 0.4487677222222222 0.5757024444444444 0.43553916435185186 0.5796401597222223 0.42476509027777776 0.5826128402777778 0.41073087037037037 0.5878784143518518 0.3860235578703704 0.5908627638888889 0.36998990740740745 0.5867278773148148 0.3626086481481482 0.581357650462963 0.35730652546296293 0.5747301643518519