0 0.3784809609375 0.70937834375 0.3737214609375 0.7081738125 0.372485684375 0.71000470625 0.3771977359375 0.715149571875 0.37943823593750003 0.723956221875 0.3796507390625 0.733187471875 0.3838243390625 0.7494501890625 0.3871706390625 0.7537804890625 0.393165915625 0.753154125 0.3956910984375 0.738318775 0.3935393125 0.7288646875 0.388478596875 0.7190763437500001 0.3784809609375 0.70937834375
0 0.393310278125 0.6874076234375 0.3947296609375 0.6770486250000001 0.39315140625 0.667002809375 0.38733973593750004 0.65910106875 0.3788316421875 0.660096321875 0.376886175 0.6671067140625 0.37994160625 0.70231224375 0.3851446640625 0.7002795875000001 0.393310278125 0.6874076234375
0 0.4350874203125 0.698784415625 0.43018557968750004 0.709400884375 0.429121040625 0.717170134375 0.43223628906249995 0.7339688703125 0.43646351875 0.7390580234375 0.44228137187499994 0.739726534375 0.4507069375 0.7321454890625 0.452439903125 0.7159038468750001 0.4486624109375 0.700344275 0.43910833125000004 0.6874090890625 0.4355371609375 0.6883139984375 0.4350874203125 0.698784415625
0 0.45601927656249996 0.6538402062500001 0.45805963906249997 0.6389491453125 0.45432341249999997 0.6266824718749999 0.4474059421875 0.6232570828124999 0.43902782343749996 0.6268977953125 0.43424977499999995 0.647392953125 0.4402203171875 0.6756995078125 0.44891201562500005 0.66617615 0.45601927656249996 0.6538402062500001
0 0.3436727765625 0.5896356046875 0.3444938921875 0.6088012515625 0.35025811406249996 0.6206433265625 0.3566969484375 0.6167797765625 0.36362678593750003 0.6057387078125 0.3660632578125 0.59155079375 0.36387020625 0.5788038109375 0.35717760625 0.5701432125 0.35312161249999996 0.5709924140625 0.34826721875 0.5776685500000001 0.3436727765625 0.5896356046875
0 0.3485725984375 0.6329446359374999 0.349104865625 0.6290600125 0.3367243875 0.6223763625000001 0.32323810937499997 0.6201690656250001 0.312784546875 0.628174709375 0.309733278125 0.639661453125 0.316603303125 0.6470271765625 0.32687325624999997 0.647549634375 0.3485725984375 0.6329446359374999
4 0.43585074218750003 0.6824313531249999 0.43731138906250006 0.6753652531250001 0.4297729390625 0.676471925 0.4156305984375 0.6682705624999999 0.397686034375 0.6734425468749999 0.4014284453125 0.6784759921875 0.41526957031249995 0.678093540625 0.4300741546875 0.6850557375 0.43585074218750003 0.6824313531249999
4 0.3770040890625 0.7057231984375 0.377487940625 0.7005710171875 0.37272971875 0.7061211593750001 0.3683566328125 0.7056186624999999 0.3625328953125 0.7043569468750001 0.3618419671875 0.6980530796875 0.36337750625 0.6917091140625 0.36226805781250004 0.6868387953124999 0.3603239140625 0.68157663125 0.35779877656250003 0.6821755953124999 0.3593056140625 0.6873875078125 0.35991904531249996 0.6910151203125 0.3582634828125 0.698235071875 0.3579998625 0.7050217796875 0.36123723281250003 0.7089502453125001 0.36827409375000003 0.7094628953125001 0.3723485953125 0.7105236078125 0.3770040890625 0.7057231984375
4 0.35064788281250003 0.6338676953125 0.3542341203125 0.638491903125 0.3547464 0.644478653125 0.3538667390625 0.6508986421875 0.3548163265625 0.656935640625 0.3541953296875 0.6630887609375 0.356520596875 0.663948475 0.3590082453125 0.6603812640625 0.358418471875 0.651718259375 0.3583648078125 0.6440053156250001 0.3575938640625 0.638285434375 0.35519371093749996 0.6314885734375 0.3544465109375 0.6207326531249999 0.3510655453125 0.6227149171875 0.35126045625 0.6277760812500001 0.3482580015625 0.6286167875 0.35064788281250003 0.6338676953125
2 0.3231588921875 0.49879746562499994 0.359883309375 0.4836691984375 0.37620356093749996 0.47489022968750005 0.3850887640625 0.4670706671875 0.40597695 0.4497491734375 0.4217834390625 0.437283678125 0.43554842968749996 0.42979795625 0.4505848015625 0.43039264062499993 0.46211941406249996 0.43670486249999996 0.47006684375 0.441925559375 0.479719375 0.444621565625 0.48796061875 0.4439816796875 0.49739027968749994 0.43962463281249997 0.5047702046875 0.431631446875 0.510747559375 0.42891833281249997 0.5175445562500001 0.42765938437499995 0.5248002796875 0.4230525375 0.5293172859374999 0.42107783750000005 0.5374217812500001 0.42019601093750003 0.544447253125 0.41850955 0.5522886296875 0.4232642953125 0.5567083953124999 0.4294389625 0.5631078765625 0.43108118125 0.5706063953125 0.427182221875 0.578912409375 0.42110985312500004 0.5874895609374999 0.41801482968750003 0.5962344625 0.414939078125 0.6044158765625001 0.41225234374999997 0.6123549781250001 0.4088577765625 0.6185014640625 0.403670365625 0.6261834421875 0.3984325046875 0.626566634375 0.3943959375 0.61527901875 0.402393209375 0.6098321890625 0.40743413593750005 0.6022275265625 0.41086779062499995 0.5940011796875 0.4126424875 0.5860170609375001 0.4151256671875 0.57833695 0.4178700046875 0.57298185 0.42224147968750003 0.564221240625 0.42667540625000006 0.558170128125 0.42620697500000004 0.5518827859375001 0.41755019843749996 0.5435983906249999 0.414785175 0.5336692921874999 0.41659109687500007 0.5250773296875 0.41855066562500004 0.51964669375 0.4222334734375 0.5137614593750001 0.42427783750000003 0.5076187062499999 0.42447820781249995 0.5006956437500001 0.431617015625 0.489408028125 0.4396142890625 0.47807970156249996 0.44171253750000006 0.46815376249999996 0.4385320078125 0.46052644843749996 0.43221499531249996 0.45022340468750005 0.42559052499999994 0.43244871093750004 0.42762868750000005 0.41851597187499995 0.43509513593750004 0.4049393140625 0.44492262031249996 0.3902874765625 0.458880771875 0.377309740625 0.4705368984375 0.3626778296875 0.47814988593749996 0.34202363125 0.4875639546875 0.320396853125 0.4966400390625 0.30386205624999996 0.5069812171875 0.2944736796875 0.517236696875 0.2891069796875 0.5365686015625 0.28581229375 0.5506980140625 0.2852863984375 0.5656920703125 0.28790381875 0.5825407984375001 0.2943960609375 0.6021016218749999 0.3003901625 0.616618390625 0.3095047875 0.6269600203125 0.3366577796875 0.6482149171875 0.3491741765625 0.66348114375 0.3568954171875 0.682130321875 0.3603686578125 0.6797154171875001 0.3556163203125 0.6710081406249999 0.349424353125 0.6566955203125 0.3392148140625 0.6469087234375 0.313352646875 0.6273890140625 0.30424569218749997 0.6169949984375 0.2976863296875 0.60536011875 0.292499321875 0.5886692375 0.2890873546875 0.5776228999999999 0.28774643437499997 0.561373959375 0.288820384375 0.5485762328125 0.291307884375 0.5366215796875 0.295302228125 0.5223456796875 0.3046766765625 0.5109555015625 0.3231588921875 0.49879746562499994
2 0.480246409375 0.5585449984374999 0.495262459375 0.56548414375 0.5074072671875001 0.5698265124999999 0.5135945515625 0.5705374734374999 0.5067734109375001 0.583128571875 0.5021429734375 0.5946107640625 0.499016934375 0.6062658187500001 0.4937498265625 0.6149548890625 0.48328420312500003 0.621912859375 0.47534673281249995 0.6314952609375 0.46910113750000004 0.6473255671875 0.4754816125 0.6342307234375 0.48249640156250007 0.6264224625 0.49188339531249997 0.6186605609375 0.49838011875 0.6121534109375 0.501732278125 0.602564309375 0.5091199765625001 0.5845983875 0.5156281953125 0.5705712328125 0.5250110578125 0.567795671875 0.537848490625 0.5608833578125 0.548970621875 0.550373990625 0.5567623859374999 0.540615040625 0.5699081046875001 0.52029683125 0.5737981750000001 0.5030621046875 0.5766484546874999 0.4934159921875 0.5776474421875 0.4799290015625 0.5807298453125 0.46486898125 0.5794019546875 0.4522483734375 0.57585275625 0.44096004375 0.571237078125 0.4324953515625 0.563107971875 0.42612068125 0.557627634375 0.4152904390625 0.5550353078125 0.405698265625 0.551427484375 0.38616176874999997 0.5474683125 0.37414568125000003 0.5421667484375 0.348374878125 0.5391769046875 0.341683871875 0.5362009015625 0.336128209375 0.530758203125 0.336182796875 0.5238977328125001 0.3403812953125 0.5321083718749999 0.3399647734375 0.536802834375 0.3441310359375 0.5402782765625 0.3522378203125 0.5430670906249999 0.36411942656249996 0.5451539828125 0.3786403390625 0.549190071875 0.38885151875 0.55367190625 0.41316880468750006 0.5663442515625 0.433493034375 0.5726788765624999 0.44056837812499994 0.576105740625 0.4527495265625 0.5772326015625 0.47056073125 0.575136528125 0.48709472812500004 0.5724802921875 0.5015243859375 0.567930265625 0.5173759078125 0.5620390359375 0.5269001359375001 0.5508214421875001 0.5430659953125 0.5438205796875 0.5520089546875 0.5354227515625001 0.55875141875 0.52810590625 0.5638043515625 0.520197321875 0.5669761984374999 0.5127928796875 0.5677122406249999 0.505936540625 0.5669244 0.497986759375 0.56419716875 0.4900842609375 0.5598885078125 0.47967321093750004 0.5552922546875 0.4722863421875 0.552176596875 0.4818526625 0.5480621375 0.48893925312500003 0.545929590625 0.49326074374999995 0.5416655718750001 0.49224461562500005 0.5379219765625 0.4869182546875 0.5445636078125 0.4833760890625 0.5443834703125 0.47552871718749995 0.5471085890625 0.4700980796875 0.5507913953125 0.461708115625 0.5475604781250001 0.4517336078125 0.5459743828125 0.4429317140625 0.5445098765624999 0.4354656640625 0.545691946875 0.4283933984375 0.5489598921875001 0.4198139828125 0.5545477359375 0.415109875 0.5628477359375 0.40964125312500005 0.5767273484375 0.40359482187499995 0.5898605765625 0.3983708640625 0.60195455625 0.387368471875 0.6252258578125 0.3780514140625 0.64115699375 0.3699700546875 0.651789540625 0.3620560453125 0.6624406609375 0.3562871484375 0.6710720718750001 0.3533056328125 0.6729963296875 0.354251734375 0.6685713359375 0.3564743375 0.6647461265625 0.35355869218749997 0.6637133546875 0.3494882875 0.6723446171874999 0.3505039296875 0.6760881546874999 0.3544255515625 0.67721876875 0.359265021875 0.6716542859375 0.3701318984375 0.65680810625 0.3810149625 0.64060380625 0.3876525609375 0.629352253125 0.395965953125 0.6133064453125 0.4051198796875 0.5923697484375 0.4115309609375 0.5790515390625 0.4196429828125 0.5595155609375 0.428832196875 0.551957159375 0.4405275234375 0.5471804625 0.4549092578125 0.5488330218749999 0.468193815625 0.5535332359375 0.480246409375 0.5585449984374999
2 0.363783453125 0.710087878125 0.3688650640625 0.7010526234375 0.37523446875 0.676774809375 0.3767894328125 0.6677624359375 0.37680798437499996 0.6676270546875 0.37480098906250003 0.666720846875 0.37544763125 0.6633793875 0.3688830453125 0.6600139171875 0.3467328703125 0.64635343125 0.32627064375 0.63673404375 0.316539446875 0.6341197515625 0.30820876406250003 0.6376514859375 0.294582365625 0.648269646875 0.29009136562500004 0.6541661578125 0.2839001859375 0.670127665625 0.282343121875 0.6814914875 0.285331584375 0.69124031875 0.28712760625 0.7038443515624999 0.289122309375 0.7196778234375001 0.2931988046875 0.7308340578125 0.30275290625 0.7394130999999999 0.31334188125 0.7451188328125 0.32741782656249996 0.7452401484375 0.3385448953125 0.741174815625 0.3444688625 0.7365116125 0.3594907359375 0.719213125 0.363783453125 0.710087878125
2 0.398019159375 0.359712628125 0.4077420921875 0.35420357187499996 0.41689250937500005 0.3482006109375 0.4272884375 0.34362380625 0.43487191562499994 0.3432128203125 0.44457379531249996 0.3460374734375 0.45192300156250004 0.352012128125 0.45869500937499996 0.362195715625 0.463313753125 0.376406478125 0.46695970156250005 0.38836881875 0.4731880234375 0.39784808437499997 0.480496115625 0.4006114046875 0.488510053125 0.3993949625 0.49954607500000003 0.3901501890625 0.5074822890624999 0.3778095390625 0.5139443484374999 0.3633752671875 0.520481021875 0.3448887 0.527923434375 0.3232996015625 0.5301705250000001 0.3092359203125 0.5293899359375 0.2997407875 0.5264555125 0.2942734234375 0.524411321875 0.2869847828125 0.5226997859375 0.27610029687500004 0.5245455578125 0.2521096 0.5299185734375 0.2187399734375 0.5382872953125 0.18571457656249998 0.5439551546875 0.1653887421875 0.544433578125 0.1583893078125 0.5416360625000001 0.1612744625 0.5395908781250001 0.17386457500000002 0.5316850703125 0.20117179843750002 0.5256004421875 0.22804709375 0.5215058765625 0.2579302140625 0.520699046875 0.2813504390625 0.52286835 0.293569903125 0.527106521875 0.3000419984375 0.5279010046875 0.31060737656250004 0.5243094203124999 0.3286359640625 0.5174132765625 0.3485779953125 0.5097726687499999 0.3669377140625 0.502235984375 0.3810347703125 0.4927380671875 0.3919135921875 0.4841035625 0.3988307546875 0.4778408640625 0.396614359375 0.47095143281249996 0.3896238875 0.4672749515625 0.3802241140625 0.462142878125 0.36274775625 0.45405331875000005 0.350488546875 0.44581789687500006 0.3416335703125 0.43747694375 0.33939275625 0.42771539062499997 0.3393397359375 0.418567071875 0.3429912484375 0.4097323609375 0.34902982968749996 0.40129927812500005 0.35447336875 0.39227969687500003 0.3583534046875 0.3845489234375 0.3645188328125 0.37768885625 0.3748458421875 0.37360918125000003 0.385920453125 0.3720943609375 0.39814405 0.37241763906249997 0.41448452500000005 0.374041071875 0.4283517625 0.3753927390625 0.44069100624999996 0.374763003125 0.45814648281250003 0.3717271078125 0.472119521875 0.3673844171875 0.48978954375 0.3642605046875 0.5067446921875 0.36491083125 0.5183621546875 0.37189079375 0.5457278875 0.3770655046875 0.564064721875 0.3801786859375 0.578743675 0.381998303125 0.5981910953125 0.38045880468750004 0.623450703125 0.376067071875 0.6601784921875 0.37544763125 0.6633793875 0.3772625078125 0.664309821875 0.379932390625 0.644824378125 0.3828792515625 0.6163054906250001 0.383957446875 0.594412559375 0.3828647765625 0.5801795046875 0.3799241890625 0.5642373453125 0.3753786125 0.5483244921875 0.3668117421875 0.51500504375 0.3688224140625 0.49215061093749995 0.375120746875 0.46722343750000006 0.378331153125 0.44963703906249997 0.3771519890625 0.43603523749999995 0.3764230625 0.42499140156250004 0.37409780625 0.4104023296875 0.3762103921875 0.38563603281250003 0.38357609843749996 0.370450678125 0.39038981562499997 0.3639661421875 0.398019159375 0.359712628125