0 0.68212890625 0.3600260421875 0.6806640625 0.35546875 0.67578125 0.3515625 0.65625 0.3450520828125 0.64990234375 0.345703125 0.64697265625 0.3522135421875 0.6494140625 0.3509114578125 0.6787109375 0.3645833328125 0.68212890625 0.3600260421875
0 0.63818359375 0.3177083328125 0.63134765625 0.318359375 0.6318359375 0.3313802078125 0.63671875 0.3372395828125 0.64306640625 0.32421875 0.63818359375 0.3177083328125
0 0.62109375 0.3216145828125 0.61474609375 0.3151041671875 0.59765625 0.3111979171875 0.59130859375 0.31640625 0.5908203125 0.3235677078125 0.60205078125 0.3326822921875 0.62646484375 0.3391927078125 0.62109375 0.3216145828125
0 0.73779296875 0.623046875 0.734375 0.61328125 0.728515625 0.6067708328125 0.7197265625 0.6061197921875 0.71435546875 0.6126302078125 0.71484375 0.6334635421875 0.73046875 0.666015625 0.7392578125 0.6334635421875 0.73779296875 0.623046875
0 0.75048828125 0.6647135421875 0.74462890625 0.6575520828125 0.7373046875 0.65625 0.7353515625 0.6608072921875 0.736328125 0.6751302078125 0.74609375 0.67578125 0.75 0.671875 0.75048828125 0.6647135421875
0 0.76220703125 0.703125 0.76904296875 0.705078125 0.7666015625 0.697265625 0.74462890625 0.677734375 0.734375 0.677734375 0.7314453125 0.681640625 0.73046875 0.685546875 0.7421875 0.68359375 0.751953125 0.6901041671875 0.76220703125 0.703125
0 0.685546875 0.732421875 0.689453125 0.724609375 0.69287109375 0.705078125 0.69189453125 0.6829427078125 0.685546875 0.6725260421875 0.68505859375 0.6985677078125 0.6787109375 0.72265625 0.681640625 0.7330729171875 0.685546875 0.732421875
0 0.724609375 0.6725260421875 0.71728515625 0.6647135421875 0.70654296875 0.662109375 0.68896484375 0.6634114578125 0.68896484375 0.6692708328125 0.708984375 0.6822916671875 0.72705078125 0.681640625 0.724609375 0.6725260421875
0 0.7314873046875 0.6462233078125 0.7090727546875 0.6604895828124999 0.7184399406249999 0.6640566406249999 0.7314873046875 0.6462233078125
4 0.6171118171875001 0.40748046875000005 0.62509765625 0.40457747343749995 0.6319951171875 0.3987727859375 0.6341728515625 0.38280859375 0.635625 0.36442512968749996 0.6479672859375001 0.35136328125 0.6472412109375 0.34797721406250004 0.6378032218749999 0.3557174484375 0.638166015625 0.3353990890625 0.6345361328125 0.33830208281249996 0.6341728515625 0.3503958328125 0.6283647453125 0.340720703125 0.6234643546874999 0.34074218749999996 0.632357909375 0.35958789062499996 0.6283647453125 0.396353515625 0.6167485359375 0.4007076828125 0.6171118171875001 0.40748046875000005
4 0.7013291015625 0.6899993484375 0.695158203125 0.6793561203125 0.694432128125 0.6866126296874999 0.7042333984375 0.6996744796875001 0.7111303718750001 0.7045123703125 0.718390625 0.6982233078125 0.7278291015625 0.684677734375 0.7329111328125 0.6774212234375 0.7379931640625 0.6735514328125001 0.734726075 0.669197265625 0.7318217765624999 0.675486328125 0.73363720625 0.6643600265625 0.7278291015625 0.66484375 0.72819189375 0.6779049484375 0.7169384765625 0.690966796875 0.7118564453125 0.6958046875 0.7013291015625 0.6899993484375
4 0.694432128125 0.6604895828124999 0.6842680671875 0.6585546875 0.6682958984375 0.6406549484374999 0.66248779375 0.6406549484374999 0.6574057625 0.6512981765625 0.6599467765625 0.657103515625 0.6653916015625 0.64887890625 0.683904784375 0.6638756515625001 0.6842680671875 0.6750026046875 0.6889873046874999 0.6730677078125 0.68826123125 0.662908203125 0.694432128125 0.6604895828124999
2 0.55249658125 0.4563404953125 0.5387021484375001 0.48246419218750003 0.529990234375 0.5008470046875 0.5281752921875 0.5231002609375001 0.525270996875 0.563736328125 0.5230927734375 0.576314453125 0.5172846671875 0.5840546875 0.50639453125 0.5840546875 0.4958676765625 0.59034375 0.4846142578125 0.5917949218749999 0.47263476562499995 0.6034055984375 0.4668266609375 0.610177734375 0.46029296875 0.6077591140624999 0.44940234375 0.6125970046875 0.44395751875 0.6130807296875 0.43814941406249996 0.6217884109375 0.42725927812500003 0.6251744796875001 0.4145537109375 0.629044921875 0.41527978593750003 0.6343665359374999 0.42907421875 0.6285611984374999 0.44177929687499995 0.6237233078125 0.44722460937499997 0.6169505203125001 0.4595668953125 0.6116295578125001 0.4668266609375 0.6150156250000001 0.47517626875 0.60582421875 0.485703125 0.5971165359375 0.4951416015625 0.5966328125 0.50712060625 0.5908274734375001 0.5180107421875 0.5893763015625 0.524544921875 0.5806686203125 0.5278120125 0.5772819015625 0.535072265625 0.6005026046874999 0.540154296875 0.6169505203125001 0.545962403125 0.6184023437499999 0.5503183593750001 0.61211328125 0.5448735359375 0.6116295578125001 0.5412431640625 0.6092102859375 0.53725 0.5927623703125 0.5285380859375 0.5719602859374999 0.529264159375 0.5463209640625 0.53253125 0.5114895828125 0.537976075 0.49117187500000004 0.5488662109375 0.4703697921875 0.5626606437499999 0.44763281250000003 0.56846875 0.4268307296875 0.581174315625 0.41376953125 0.5935161124999999 0.40554557343750003 0.6058583984375 0.40361002656249995 0.6160229484374999 0.406029296875 0.6152968750000001 0.3982890625 0.6036806640625 0.3982890625 0.5800849609375 0.406029296875 0.56338671875 0.427798828125 0.55249658125 0.4563404953125
2 0.6505083 0.6532330734375 0.6290908203125001 0.6421067703125 0.6218310546875 0.6392037765625 0.6185639640625 0.629044921875 0.61965283125 0.6145319015624999 0.6171118171875001 0.5893763015625 0.61021484375 0.577765625 0.5982353515625001 0.5603502609375 0.5829892578125 0.5303567703125001 0.5786328125 0.5139088546874999 0.56846875 0.4998795578125 0.5543115234375 0.48198046874999995 0.5448735359375 0.46940234375 0.5474145499999999 0.46504817656249997 0.5619345703125 0.458759765625 0.5815371093749999 0.45295442656249996 0.5949682609375 0.44714908906249995 0.602954590625 0.43650651093750004 0.6131186515625 0.4171555984375 0.6189267578125001 0.40457747343749995 0.6232827140625 0.3973216140625 0.623645996875 0.3784544265625 0.6232827140625 0.3668444015625 0.61493359375 0.34555859375 0.6036806640625 0.3291106765625 0.5938793953125 0.3242727859375 0.586619140625 0.3339479171875 0.5800849609375 0.347009765625 0.5677426765625 0.3581360671875 0.5510444328124999 0.37555208281249997 0.533257325 0.3987727859375 0.5285380859375 0.4161881515625 0.5267231453125001 0.4360227859375 0.5227299796875 0.4592434890625 0.5129287109375 0.48052864531250006 0.5002236328125 0.5119739578125 0.4911484375 0.5293893234375 0.48497705 0.5390644531250001 0.4740869140625 0.5366458328125 0.4555737296875 0.5337428390625 0.446498534375 0.532775390625 0.43451904375000006 0.5385807296875 0.4149169921875 0.5477721359375 0.4051157234375 0.540515625 0.39785546875 0.5380970046875 0.36954101562499997 0.5260026046874999 0.3731708984375 0.5298730468749999 0.3866025390625 0.5366458328125 0.40039648437500003 0.5429348953125 0.41273876875 0.5506751296875 0.4196362296875 0.5506751296875 0.446135253125 0.5371295578125 0.4693681640625 0.5409993484375 0.48606640624999997 0.5434186203125 0.50167578125 0.5182623703125 0.516921875 0.47811002656249996 0.525270996875 0.4606946609375 0.5285380859375 0.44473046875 0.530353028125 0.42296093749999997 0.5339833984375 0.4079641921875 0.53761328125 0.39925651093750003 0.545599609375 0.3890970046875 0.5619345703125 0.36926302031249997 0.5775439453125 0.3523313796875 0.5887973625 0.3373346359375 0.5942421875 0.3295944015625 0.5996875 0.3305618484375 0.6087626953124999 0.342171875 0.6185639640625 0.3629739578125 0.6218310546875 0.3799055984375 0.61965283125 0.3987727859375 0.6069477546875001 0.42247721406250005 0.597146484375 0.43892512968749997 0.5848042 0.44763281250000003 0.5691948250000001 0.45247070312500004 0.5448735359375 0.46262955781250004 0.5412431640625 0.47133723906249997 0.5597568359375 0.4950416671875 0.5731879875 0.511005859375 0.57899609375 0.5245514328125 0.586619140625 0.5448697921875 0.5931533203125 0.5564798171875001 0.6033173828125 0.5748632812500001 0.6131186515625 0.5884088546874999 0.61565966875 0.6029212234375 0.61565966875 0.6363014328125 0.6294541015624999 0.6479114578125 0.6457890625 0.6575872390625 0.6653916015625 0.6658111984375 0.684630859375 0.6750026046875 0.6937060546875 0.6848730468750001 0.6940693359375001 0.6788723953125 0.6835419921875 0.66774609375 0.6715629890625 0.662908203125 0.6505083 0.6532330734375
2 0.50167578125 0.5153600265625 0.4918745125 0.5090709640625 0.478080078125 0.5090709640625 0.4595668953125 0.5090709640625 0.442505371875 0.5071360671875 0.43016308593749997 0.5114895828125 0.4196362296875 0.5226165359375 0.4145537109375 0.5366458328125 0.41419091874999997 0.5492233078125001 0.416731934375 0.5632526046875 0.4232661125 0.573412109375 0.43451904375000006 0.5845384109375 0.447587403125 0.5913111984375 0.45629980468750003 0.5893763015625 0.4693681640625 0.5806686203125 0.4740869140625 0.570025390625 0.477717284375 0.5574479171875 0.48606640624999997 0.5390644531250001 0.49986035156249997 0.5342265625 0.516921875 0.5366458328125 0.5281752921875 0.5390644531250001 0.537976075 0.53761328125 0.55358545 0.5458372390624999 0.55865281875 0.565050878125 0.5599259109375 0.559332853125 0.5601484375 0.5601829421875 0.5629514265625 0.563918540625 0.5637495125 0.560833984375 0.565201659375 0.5472884109375 0.560482909375 0.5414830734375 0.5474145499999999 0.5395481765625 0.5397915046875 0.5318079421874999 0.5209150390625 0.520681640625 0.5103876953125 0.5163274734375001 0.50167578125 0.5153600265625
2 0.55826220625 0.67142578125 0.5674584953124999 0.6852526046875 0.576890625 0.692166015625 0.5903310546875 0.6962513015625 0.6054223624999999 0.6940514328125 0.6209853515625 0.6849381515624999 0.63819921875 0.671740234375 0.652111328125 0.6673404953125 0.66012890625 0.6563417968749999 0.6574057625 0.6546842453124999 0.6497822265625001 0.6633919265625 0.6407070312500001 0.6658111984375 0.6265498046875 0.67403515625 0.6113037109375 0.6856451828125001 0.6000502937500001 0.6919342453125 0.5869819328125 0.6914505203125 0.57355078125 0.6870970046875 0.5644755859374999 0.6730677078125 0.5575786140625001 0.6624244796875 0.5528593749999999 0.6329147140625 0.5528593749999999 0.6145319015624999 0.5561264640625 0.5937298171875 0.560119628125 0.5748632812500001 0.561111975 0.5710279203125 0.5594409171875 0.5680390625 0.55865281875 0.565050878125 0.5544892578125 0.5837513015625 0.5511879890625 0.607005859375 0.54906591875 0.6293170578125 0.5516596671875 0.6466002609375 0.55826220625 0.67142578125
2 0.6115532234375001 0.6151757812499999 0.61886328125 0.6129765625 0.626880371875 0.603548828125 0.626880371875 0.5966354171875 0.6209853515625 0.5903509109375 0.6209853515625 0.5944361984375 0.6238149421875 0.600720703125 0.6202783203125 0.6066914062500001 0.6120249015625 0.6104622390625 0.592689453125 0.5944361984375 0.576654784375 0.5875227859375001 0.5674584953124999 0.5749524734375 0.5643930671875 0.56583984375 0.5629514265625 0.563918540625 0.561111975 0.5710279203125 0.5684013671875 0.5840657546875 0.5752397453125 0.592236328125 0.5915102546875 0.6022923171875 0.5985844734375 0.6019778640625 0.6115532234375001 0.6151757812499999
2 0.5386904296874999 0.5516985671875 0.5485942374999999 0.5586119796875 0.5570830078125 0.5633255203124999 0.5617993171875 0.5617545578125 0.546236328125 0.5551555984375 0.5335029296875 0.5428997390625 0.526900390625 0.533158203125 0.5210053718750001 0.5290729171875 0.5148745109374999 0.5312727859375 0.5226557609375 0.53284375 0.5309091796875001 0.5435279953125 0.5386904296874999 0.5516985671875