0 0.594788990625 0.450052190625 0.6052358640625 0.4600237296875 0.6144939843749999 0.458480784375 0.6187983796875 0.449348209375 0.6146386749999999 0.43527190468750004 0.592120246875 0.42099219843749996 0.5921028578125 0.4435616015625 0.594788990625 0.450052190625
0 0.5814984640625 0.43687935468749994 0.586020821875 0.41915785312500004 0.5807886890625 0.4254567859375 0.562017846875 0.429821628125 0.5537543203124999 0.43885837499999997 0.5511414625 0.44698773750000004 0.5535729953125 0.45475727812500005 0.5611093578124999 0.4568673625 0.568099884375 0.45422537500000004 0.5774486703124999 0.4447329796875 0.5814984640625 0.43687935468749994
0 0.42106431874999994 0.3934788765625 0.41902751875 0.4037104921875 0.42244722812499996 0.4090140421875 0.4284193546875 0.4114878625 0.44093324999999994 0.40857796718749995 0.46206234999999996 0.39736271562500003 0.4351726703125 0.38755542656249997 0.42917032343750006 0.3877314203125 0.42106431874999994 0.3934788765625
0 0.5802529859375001 0.53556206875 0.581776028125 0.5703773437499999 0.57885454375 0.5950450859374999 0.5837047765625 0.5906645796875 0.5875604125 0.578790275 0.5882207171875 0.5629832875 0.5874074484375 0.5395905812499999 0.5841150390625 0.53364755625 0.5802529859375001 0.53556206875
0 0.6147541609375 0.6145481734375 0.6076903609375 0.6025702093749999 0.6060290453125 0.6009236046875001 0.5996145765625001 0.6056678453125001 0.5904837546875 0.6065713140625 0.589411328125 0.62694655 0.5951957125 0.6353594828125 0.602253096875 0.6373776546875 0.6115716609375 0.630535075 0.6140269984375 0.62569500625 0.6147541609375 0.6145481734375
0 0.594363196875 0.5820874 0.588772971875 0.57769515 0.585105075 0.58363034375 0.583225796875 0.5905726671875 0.58619675 0.5931344859375 0.59091968125 0.5893934609375 0.594363196875 0.5820874
0 0.4642996015625 0.3851599265625 0.46435843437499996 0.372404340625 0.4699470984375 0.3621286578125 0.47779193906249995 0.3565415453125 0.4857964109375 0.3519311296875 0.4839728609375 0.34685287656249997 0.4737605171875 0.350094215625 0.46239581249999995 0.3644625375 0.4593348875 0.37806014062500004 0.46116358125 0.39023186875000004 0.4642996015625 0.3851599265625
4 0.594889571875 0.4215667703125 0.5911512296875 0.4118661171875 0.59141298125 0.3963126078125 0.5864909500000001 0.385438753125 0.58269355 0.3884923171875 0.586506384375 0.406719178125 0.5909085140625 0.4246561296875 0.594889571875 0.4215667703125
4 0.5004135125 0.3977636828125 0.49668044062499994 0.3951558671875 0.4900677203125 0.40523504062500004 0.4827884765625 0.4062023609375 0.4748422296875 0.3980577390625 0.4657606 0.39205940781250004 0.4608971640625 0.3986919953125 0.46815489218749995 0.39961134375 0.4757596265625 0.40769043125 0.48843573593749995 0.4134331234375 0.49393938437499996 0.41070631406249997 0.5004135125 0.3977636828125
4 0.587565546875 0.6078762375 0.580302325 0.5998626812500001 0.585827140625 0.59524846875 0.5833900390625 0.59147124375 0.578980046875 0.5958260203125 0.5779508437499999 0.588536034375 0.5650396453125001 0.6035536578125 0.5541447578125 0.606664021875 0.5484974984375001 0.5994332609375 0.5429460234375 0.5988406656249999 0.5441136875 0.6089947484375 0.5564484109375 0.6146712640625001 0.565637178125 0.6112335078125 0.57520930625 0.6040863875 0.582739425 0.6036399078125 0.587565546875 0.6078762375
2 0.5997381296875 0.3028709515625 0.6050336046875 0.3261099828125 0.5977223171875 0.34503905625 0.5835367953125 0.3593387796875 0.5811316265625 0.36786119375 0.5805551515625 0.38855533593749997 0.5841873468750001 0.3863291609375 0.5866032640625 0.3617330359375 0.5968800640625 0.352829675 0.6054656765625 0.3346185015625 0.6084576078125 0.319588896875 0.6039199 0.3050058640625 0.5944488046874999 0.2956232328125 0.58099424375 0.2831120359375 0.5651444031249999 0.2844118203125 0.5378241859374999 0.28815319375000004 0.516583503125 0.298734915625 0.4934816046875 0.3151065703125 0.4781813875 0.329665090625 0.45263163906250004 0.35833322968750003 0.449649996875 0.3875497859375 0.44104262812500006 0.437909659375 0.43664806718750004 0.4635448578125 0.43964503437499997 0.48587011875 0.44738215 0.5199803984375 0.4575037453125 0.54745575625 0.471944825 0.5710310078124999 0.49359590156250005 0.592208215625 0.5180417421875 0.6082466671875 0.5331868656250001 0.599805471875 0.5554249421875 0.58421345625 0.567770415625 0.5738162609375 0.58106533125 0.555090009375 0.591060684375 0.5429219265625 0.5846063578125 0.5444213984374999 0.5631523578125 0.5738754859374999 0.519630915625 0.60382329375 0.49320656406249996 0.588823278125 0.47107573281250004 0.5647178109375 0.45266733593749997 0.52903248125 0.43931439843750003 0.46973023593749996 0.440983925 0.45066460625 0.44957527031250005 0.40928560625 0.45531948906249997 0.3626319375 0.474320490625 0.3383808578125 0.495870753125 0.31556503281250003 0.5291155234375 0.29451994375 0.5564784234375 0.28700449843750003 0.5675603359375 0.29007644843749997 0.5751326609375 0.2858558046875 0.5853985828125 0.2930267953125 0.5997381296875 0.3028709515625
2 0.6180545078125 0.49031772656249994 0.61347411875 0.4795087640625 0.5862446484375 0.4525334390625 0.560913825 0.4391620265625 0.53991325 0.436077546875 0.5170674796875 0.429802125 0.5153876671875001 0.434680803125 0.5437849140625 0.44154881875 0.56291925625 0.443329115625 0.5800106265625 0.45180986875 0.60318703125 0.47422517500000005 0.6153934484375 0.491225184375 0.6028773421875 0.516720671875 0.5915144234375 0.542369559375 0.59649899375 0.5363014703125 0.60690361875 0.516074528125 0.6180545078125 0.49031772656249994
2 0.5847559171875 0.3304678296875 0.5805520921875 0.3090641828125 0.5734783250000001 0.2970763375 0.5630661609375001 0.28810200468749997 0.539540253125 0.291228403125 0.5263327999999999 0.285039846875 0.52218683125 0.284606090625 0.5190098671875 0.28931166875000003 0.5209315796875 0.294663696875 0.5265214859375 0.3103535421875 0.5254237859375 0.31711920312499997 0.5194698203125 0.328268196875 0.5061802375 0.34000323125 0.49548302812499995 0.3562218109375 0.4818881015625 0.3782412140625 0.476305415625 0.3937801515625 0.470002821875 0.4091809390625 0.469658075 0.4184167453125 0.465637659375 0.42860829999999994 0.44998007968750003 0.43723066250000003 0.43837984218750004 0.442977475 0.42601517031249997 0.45256433906250004 0.405932371875 0.464656225 0.39449744999999997 0.47707911249999996 0.388966575 0.498607775 0.3822861890625 0.5209123703125 0.374402365625 0.5592642999999999 0.3723225578125 0.5784649749999999 0.3791641203125 0.6003747890625 0.3835329703125 0.607192928125 0.3929823375 0.610999240625 0.4013521671875 0.6252294953125 0.40875579375 0.6293078140625 0.42029578437500004 0.62886465625 0.433255984375 0.6250392375 0.4442527390625 0.6248244546875 0.47184715937500005 0.62877590625 0.49539523750000003 0.63429115625 0.5138895203125 0.6351824828125 0.528239684375 0.6306272703125 0.5346765078125 0.6245541984375 0.5419454265625 0.61930470625 0.549053265625 0.6123638796875001 0.551874796875 0.601942265625 0.54841645 0.5943023265625 0.5408488828125 0.5880149453125 0.5315859796875 0.5829272265625 0.5289942625 0.58526741875 0.5433554546875 0.593224265625 0.548682975 0.5985015437500001 0.5488265828125 0.6084591140625 0.543098975 0.615870609375 0.5339106890624999 0.619308459375 0.5302310671875 0.627113615625 0.51785880625 0.6323046421875 0.49981751250000006 0.6321528578125 0.48165940156250003 0.6272496656250001 0.46714372343750005 0.6254095984375 0.44844152968750006 0.6232395296875 0.43786088593750006 0.6212091703125 0.4259419390625 0.624123025 0.4092451796875 0.6261200437500001 0.403576146875 0.6207772328125001 0.3949000078125 0.609182321875 0.3869804203125 0.6062445046875 0.3790989796875 0.5924385937500001 0.37583524687500003 0.5785727281249999 0.3778194953125 0.55436646875 0.38262468906249997 0.530228165625 0.3877069390625 0.51181741875 0.3928798265625 0.49295136250000005 0.397898225 0.48020208750000004 0.405728628125 0.46934678124999996 0.421124753125 0.4614257890625 0.43692576250000004 0.4479087640625 0.4560281703125 0.437389421875 0.46401160468749997 0.434665765625 0.47026164843749996 0.426408459375 0.47213875937500005 0.41163829218750003 0.47833583125 0.39296810781249997 0.49242030000000003 0.3649373796875 0.5024406031249999 0.3484196125 0.511922575 0.34172789375 0.516993946875 0.33939149375 0.52312704375 0.326383421875 0.52839631875 0.3141549890625 0.526182821875 0.3056923453125 0.5205304203125001 0.291368109375 0.5240074734375 0.28636160781250003 0.5371848499999999 0.293145890625 0.5605479109375 0.2914820265625 0.5756184359375001 0.3047760140625 0.5858677484375 0.35118918125 0.5800710203125 0.35716931406249997 0.5647815546875 0.3556541234375 0.557251434375 0.35610060468750004 0.5401225234375 0.3584873984375 0.5262785125 0.3728526578125 0.5185191625 0.3708909875 0.51310628125 0.37316185 0.5055121828125 0.37927044374999996 0.49824322812500005 0.3944247140625 0.50146428125 0.3962073015625 0.5064737375 0.383547928125 0.5111536828125 0.3787988125 0.5183287 0.3765215234375 0.525425309375 0.375889615625 0.531322428125 0.37502819375 0.537778496875 0.3726129453125 0.5447551546875 0.3613275859375 0.5520911265625 0.360742271875 0.564350540625 0.3604371671875 0.570873790625 0.3626854578125 0.579296584375 0.36164413125 0.5867076906250001 0.354428884375 0.5881090078125 0.34738953125 0.5847559171875 0.3304678296875
2 0.40924097187499997 0.3955128125 0.410990440625 0.3842215703125 0.4178247828125 0.37490260625 0.42926358750000004 0.367463728125 0.443887725 0.3652867453125 0.45506031562500004 0.3654376546875 0.46666796406250005 0.3696581296875 0.4783729140625 0.375890315625 0.48266275 0.3843543796875 0.48313861406249997 0.40072396093749996 0.48427880312499993 0.416254375 0.49181374375000003 0.42467658750000004 0.497936071875 0.42518685625 0.510558871875 0.419304315625 0.525789415625 0.416579128125 0.5350289375 0.4176875671875 0.544414528125 0.4218142578125 0.5554454125 0.423931015625 0.56970555625 0.42733201562499995 0.585520621875 0.436678565625 0.59350489375 0.44784460781249996 0.6005184125 0.46513610781250003 0.6065916578125 0.485901965625 0.6133433265625 0.515767353125 0.610873953125 0.5269204484375 0.6114169953124999 0.54795356875 0.6154632703125 0.5726491578124999 0.61442139375 0.5903879187500001 0.6149910296875001 0.603785934375 0.6210678046875 0.62953506875 0.6250015359375001 0.6535444953125 0.6301796421875 0.673805965625 0.6384670531250001 0.684698228125 0.646047 0.6891423328124999 0.6313746453125 0.6690520140625 0.6279469 0.658760340625 0.6276018640625 0.6467345625 0.6230397828124999 0.6258815890625 0.61710519375 0.5981666984375 0.6175403140625 0.5809754093749999 0.6156221937499999 0.55934580625 0.6134452125000001 0.5340130640625 0.6153374734375 0.5207555203124999 0.616323109375 0.513303784375 0.6142211984375 0.5026019609375 0.6073009734375 0.4823388046875 0.60138528125 0.4582810046875 0.590085325 0.4375093546875 0.5765554875000001 0.4279367609375 0.5605834765625 0.421881609375 0.5445170859374999 0.41879856875000004 0.53447571875 0.4142140875 0.5218004953125 0.414107446875 0.5081846453125001 0.417474434375 0.4943140671875 0.422121015625 0.487693515625 0.41786101093749994 0.48496595156250005 0.40404956875 0.48547960625000003 0.38521226249999996 0.48305918906249995 0.376110409375 0.476869809375 0.3709359625 0.46193512343750004 0.363419440625 0.44847634375 0.36349439375000003 0.4350816953125 0.36324970156249997 0.422889940625 0.368218434375 0.41221897343749997 0.37680117812499997 0.4072090390625 0.3894604578125 0.4070257234375 0.40038833125 0.41023274687500005 0.41429177812500007 0.4288310734375 0.4484235046875 0.43294112343749996 0.47279872031250003 0.42070047656250004 0.4767615515625 0.414960303125 0.47433157656249997 0.41112027968750003 0.4686114359375 0.3934090734375 0.46753842343749996 0.39009691874999997 0.4629160984375 0.387245934375 0.4547281390625 0.3833604234375 0.45298601562499996 0.3754250421875 0.4428258734375 0.371078359375 0.4446493796875 0.38380975781250004 0.455729846875 0.3922289546875 0.4709660953125 0.3957771953125 0.470650459375 0.4071897578125 0.47084741875 0.41437218593749997 0.47853741875000005 0.4185608375 0.4800057609375 0.434301440625 0.47472084375 0.43500951250000003 0.4811684546875 0.45075332343749996 0.5021289453125 0.47324851875 0.5316932421875 0.49340571562499996 0.5554936734375 0.5069054296875 0.5677180953125001 0.5223008046875 0.5716688921874999 0.5365347078125 0.582705728125 0.5429272843749999 0.596863946875 0.5474763 0.5977760453125 0.5417134781249999 0.5867043328125 0.535040759375 0.5764538703125 0.5231112062500001 0.5688494484375 0.5107055968750001 0.5661369390625001 0.49640791875 0.5554204796875 0.485448765625 0.5416898703124999 0.44730693437499996 0.493177434375 0.43879431249999995 0.480913484375 0.4352990359375 0.4659575375 0.43309982187499996 0.45324400000000004 0.42759185468750005 0.44089205624999994 0.41693279062500005 0.42190448125 0.410529684375 0.40904814843750004 0.40924097187499997 0.3955128125