1 0.3819444444444444 0.6967592592592593 0.41898148148148145 0.6990740740740741 0.4212962962962963 0.7037037037037037 0.4166666666666667 0.7106481481481481 0.41203703703703703 0.7129629629629629 0.4027777777777778 0.7129629629629629 0.40046296296296297 0.7106481481481481 0.3958333333333333 0.7106481481481481 0.3819444444444444 0.6990740740740741
8 0.36507201646090537 0.7206189986282578 0.036676954732510265 0.04603909465020569
9 0.4398148148148148 0.4513888888888889 0.44212962962962965 0.4398148148148148 0.45601851851851855 0.42824074074074076 0.46064814814814814 0.4305555555555556 0.4699074074074074 0.4305555555555556 0.4722222222222222 0.4351851851851852 0.4513888888888889 0.4513888888888889 0.44675925925925924 0.4537037037037037 0.44212962962962965 0.4513888888888889
10 0.49074074074074076 0.4398148148148148 0.4837962962962963 0.42592592592592593 0.4861111111111111 0.41898148148148145 0.49074074074074076 0.4166666666666667 0.49537037037037035 0.4236111111111111 0.4930555555555556 0.4375
11 0.5370370370370371 0.4166666666666667 0.5393518518518519 0.42824074074074076 0.5347222222222222 0.4351851851851852 0.5231481481481481 0.4351851851851852 0.5208333333333334 0.4375 0.5185185185185185 0.4351851851851852 0.5092592592592593 0.4351851851851852 0.5046296296296297 0.4398148148148148 0.5023148148148148 0.4398148148148148 0.5046296296296297 0.4305555555555556 0.5185185185185185 0.4166666666666667 0.5347222222222222 0.4166666666666667
12 0.6620370370370371 0.3402777777777778 0.6666666666666666 0.3402777777777778 0.6689814814814815 0.3425925925925926 0.6689814814814815 0.34953703703703703 0.6643518518518519 0.35648148148148145 0.6643518518518519 0.37037037037037035 0.6620370370370371 0.3726851851851852 0.6620370370370371 0.37962962962962965 0.6550925925925926 0.3888888888888889 0.6504629629629629 0.3912037037037037 0.6504629629629629 0.37962962962962965 0.6527777777777778 0.3773148148148148 0.6527777777777778 0.3541666666666667 0.6620370370370371 0.3449074074074074 0.6620370370370371 0.3425925925925926
13 0.6435185185185185 0.42592592592592593 0.6527777777777778 0.42592592592592593 0.6550925925925926 0.42824074074074076 0.6666666666666666 0.4305555555555556 0.6736111111111112 0.4444444444444444 0.6736111111111112 0.4537037037037037 0.6689814814814815 0.4652777777777778 0.6597222222222222 0.4699074074074074 0.6574074074074074 0.4675925925925926 0.6527777777777778 0.4675925925925926 0.6458333333333334 0.46064814814814814 0.6458333333333334 0.44675925925925924 0.6435185185185185 0.4444444444444444 0.6458333333333334 0.4351851851851852 0.6435185185185185 0.43287037037037035 0.6435185185185185 0.42824074074074076
24 0.36937272453703707 0.6655427199074074 0.3608983310185185 0.6631888402777777 0.3647029884259259 0.6703989398148148 0.37170492824074075 0.6755764745370371 0.3724475625 0.6896417060185185 0.3725711898148148 0.697681324074074 0.3787709351851852 0.6956287916666667 0.3846106111111111 0.7004121898148148 0.3843310925925926 0.693982125 0.37657350231481485 0.6904176134259259 0.3764599212962963 0.6791622569444444 0.3745060625 0.6683216620370371 0.36937272453703707 0.6655427199074074
25 0.4817934513888889 0.44286299074074076 0.4874000185185185 0.4500607152777778 0.48858049305555556 0.4564845902777778 0.4864543333333333 0.4753936736111111 0.48477411574074075 0.4959075277777778 0.4818952731481481 0.5039671157407407 0.47504577314814816 0.5096425486111111 0.4751027754629629 0.5152705509259259 0.4817187407407407 0.5120087962962964 0.48730002314814813 0.50393 0.48951095833333336 0.4934629236111111 0.49199676157407407 0.46771726388888885 0.49302722453703707 0.4508263101851852 0.5011984490740741 0.4423425949074074 0.4979017476851852 0.44074241203703707 0.4931931597222223 0.4460010208333333 0.49388170601851855 0.4419763842592592 0.4909957291666667 0.4407898402777778 0.4901906296296296 0.44602164120370374 0.48462291435185184 0.4384215300925926 0.4817934513888889 0.44286299074074076
26 0.6472226828703703 0.3921858402777778 0.635325650462963 0.40352367361111113 0.6273350787037038 0.4023721875 0.6096967106481481 0.4016897268518519 0.6018614814814816 0.3989293402777778 0.5964461967592593 0.4021821944444444 0.5934613310185185 0.40823321064814816 0.5927234027777778 0.4158759722222222 0.5952991805555555 0.4202803101851852 0.5958918101851851 0.41103071296296295 0.5982763634259259 0.4049838240740741 0.6350820763888889 0.40915308796296296 0.6426530300925926 0.42397567129629626 0.6461322453703703 0.4159113078703704 0.639702363425926 0.4079156481481481 0.6438676412037038 0.40828916666666665 0.6443337337962963 0.4034618125 0.6398294513888888 0.40349274537037033 0.6470955972222222 0.3966087430555556 0.6472226828703703 0.3921858402777778
17 0.5673832592592593 0.3830858333333333 0.5721383171296297 0.38667096296296294 0.5794715763888889 0.38219857407407404 0.5830461597222223 0.37935982870370366 0.5848403865740741 0.3701019768518518 0.5843101550925925 0.3600551967592593 0.5807950601851852 0.35605942824074077 0.5746059074074074 0.35489556712962966 0.5687144259259259 0.36619216203703703 0.5627650208333334 0.37699026851851847 0.5653579236111111 0.3777750717592593 0.5635274606481482 0.38191584953703706 0.5673832592592593 0.3830858333333333
17 0.5672232893518518 0.4437896342592592 0.5661075023148148 0.45223923379629627 0.5621621921296296 0.46513094907407404 0.5611341550925926 0.46956003935185187 0.5637276597222223 0.47999412037037037 0.5654872569444445 0.49284665509259257 0.5612135949074074 0.5029257777777778 0.5613060578703704 0.5206132592592593 0.5617797060185185 0.5250326875 0.5673386111111112 0.4892155023148148 0.5665359953703704 0.48198478935185185 0.5649211481481482 0.47073974305555555 0.5665706203703704 0.45987440277777775 0.5692759074074074 0.4473939768518519 0.5696360393518519 0.44055739814814815 0.5612312407407407 0.42815261805555554 0.5561866180555556 0.4213531597222222 0.5560341828703704 0.4105001921296296 0.5580226666666667 0.399230400462963 0.5624623287037037 0.384325337962963 0.5635274606481482 0.38191584953703706 0.5606080625 0.38103000000000004 0.5564643981481482 0.3936127106481482 0.5520041018518518 0.41494989814814814 0.5526221388888889 0.4209755162037037 0.560804 0.43257758333333335 0.5672232893518518 0.4437896342592592
17 0.5143839328703704 0.37259578935185184 0.5066158101851852 0.3722470162037037 0.4932770023148148 0.3767606481481482 0.4808674050925926 0.38408209953703704 0.46634570138888887 0.3946337175925926 0.45388672453703705 0.40557329398148145 0.44423650694444444 0.41850418518518523 0.43772310185185187 0.4362370347222222 0.4275818935185185 0.4697915787037037 0.42277496759259264 0.48228708796296293 0.41397589814814817 0.49882927083333334 0.4036548657407408 0.5218145416666666 0.399759 0.5310874768518519 0.39408657638888883 0.5556486597222222 0.3879126018518519 0.5729777037037037 0.37946307175925925 0.5858997013888888 0.368173974537037 0.6064795439814815 0.3615934606481481 0.6218007777777778 0.35835491203703707 0.6366975925925926 0.3599562592592593 0.6636208958333334 0.3643281041666666 0.6587432569444445 0.3621724305555556 0.6406678217592593 0.36375431018518517 0.6273908680555556 0.3710910277777778 0.6104559560185185 0.3783495555555556 0.5943258217592593 0.3844145949074074 0.5874500671296295 0.3920217453703704 0.5708209166666667 0.3975277453703704 0.5510850300925926 0.40337330555555556 0.5309440416666666 0.41021512037037033 0.5160231342592593 0.4193249375 0.4962624976851852 0.4257995509259259 0.47893138425925924 0.43265147453703706 0.460794087962963 0.44090978472222225 0.4374208634259259 0.4453882337962963 0.4221140648148148 0.45417677314814814 0.40878762037037036 0.46689705555555555 0.39824837268518515 0.4793167569444445 0.3877105347222222 0.49322761805555554 0.380378775462963 0.5059272638888889 0.37627165277777774 0.5260838587962963 0.3757311064814815 0.5332799236111111 0.37889800462962964 0.5419873634259259 0.37883820601851853 0.5557222476851852 0.3795474768518518 0.5606080625 0.38103000000000004 0.5607102893518519 0.3807195810185185 0.5627650208333334 0.37699026851851847 0.5552873217592592 0.37472696064814814 0.5393344328703704 0.37523798842592593 0.5299202337962963 0.37329268518518516 0.5143839328703704 0.37259578935185184
18 0.464894525462963 0.5175332523148148 0.47145606018518516 0.5157446388888889 0.47667714583333337 0.5145030740740741 0.4740283240740741 0.5108552476851852 0.45975019675925927 0.5157774513888889 0.4566121574074074 0.5168446666666666 0.464894525462963 0.5175332523148148
18 0.4821566921296296 0.5261230462962962 0.4924895092592593 0.5340925555555556 0.5050303541666666 0.5440568518518518 0.5116438981481481 0.553256962962963 0.5195432685185185 0.5708914837962963 0.5287991527777778 0.5869082060185185 0.5352079097222222 0.6013359953703704 0.5410445532407407 0.6185825601851852 0.5455813194444444 0.6430736296296297 0.5444448981481481 0.6579553564814815 0.5421144375 0.6820921157407407 0.5399211666666667 0.6985895856481482 0.5374383333333334 0.7118727222222222 0.532815074074074 0.7255726828703705 0.5275133726851852 0.7400808935185185 0.5219038333333333 0.7453456898148147 0.5045661712962963 0.7446605138888889 0.47480069444444445 0.745267048611111 0.4650963865740741 0.7401080717592593 0.45867765046296294 0.7288953657407407 0.4506511296296296 0.7156844004629629 0.44708956250000004 0.7028448888888889 0.4383774722222222 0.6811960416666666 0.4323359814814815 0.6691778055555555 0.42802934953703703 0.6547349282407408 0.42721193055555556 0.6445139467592592 0.42511745833333336 0.6449858287037037 0.4253915486111111 0.6478713634259259 0.4270629097222222 0.664744412037037 0.43168029166666666 0.6759688356481481 0.4376546111111111 0.6855761111111112 0.44579470833333334 0.7100424328703704 0.4506733912037037 0.7216671851851851 0.4534930810185185 0.7297586759259259 0.4602901643518518 0.7401645439814815 0.47002273379629633 0.7481375208333333 0.5255720069444445 0.7477560347222222 0.5304747222222223 0.7404867939814814 0.5365038819444444 0.7215509027777778 0.5420492222222223 0.7014126273148148 0.5482219398148148 0.6499130648148148 0.5465500231481482 0.6330406689814815 0.5426706342592593 0.6141728287037037 0.5342586412037037 0.5925225694444445 0.5129021689814814 0.5464383333333334 0.4929624675925926 0.5291941157407408 0.47531702546296295 0.5192648726851852 0.4670650856481482 0.5177137106481481 0.464894525462963 0.5175332523148148 0.4548145625 0.5202809560185185 0.45391809953703705 0.5209878611111111 0.4600351643518518 0.5190393912037037 0.47109592824074076 0.5225812175925926 0.4821566921296296 0.5261230462962962
18 0.35673255555555555 0.6379620231481482 0.35796192592592596 0.640767775462963 0.36780336574074074 0.6382881157407408 0.37582274768518514 0.6422529513888889 0.3865545462962963 0.6429834953703704 0.3938384236111111 0.6421292268518519 0.40433718055555556 0.6452734467592592 0.4189341643518518 0.6463789143518518 0.42511745833333336 0.6449858287037037 0.4246938912037037 0.6405266203703703 0.41410146527777775 0.6435979050925925 0.39962145833333335 0.6412859236111111 0.3716008888888889 0.6362520810185186 0.35673255555555555 0.6379620231481482
18 0.42453238425925927 0.575966 0.4331009537037037 0.5493743287037037 0.43775295833333333 0.5384883634259259 0.43978692592592594 0.5359966666666667 0.44218415277777773 0.5277371435185185 0.4400355995370371 0.5303852939814815 0.43278766898148147 0.5432990370370371 0.4263519050925926 0.5602277638888888 0.42149511111111115 0.5763414027777778 0.41817892129629625 0.5920423425925926 0.41802060185185186 0.606113761574074 0.42229897916666664 0.6177426365740741 0.4239032939814815 0.6322034189814815 0.4246938912037037 0.6405266203703703 0.4268432037037037 0.639903425925926 0.42626206712962966 0.6326369166666667 0.4254422129629629 0.6193764583333333 0.4212444513888889 0.5944809421296297 0.42453238425925927 0.575966
18 0.4358951990740741 0.6012378935185185 0.4350364930555556 0.5883798240740741 0.4366319351851852 0.5594239629629629 0.44143166203703704 0.5376829745370371 0.4460671944444445 0.5283030578703704 0.43978692592592594 0.5359966666666667 0.437099537037037 0.5452559189814815 0.4340235277777778 0.5677893125 0.43236097453703703 0.5943335578703703 0.4325607962962963 0.6109090949074074 0.4306964884259259 0.6302178518518519 0.4283018888888889 0.6394804768518518 0.4268432037037037 0.639903425925926 0.42721193055555556 0.6445139467592592 0.4281359537037037 0.6443057662037036 0.43251606249999996 0.6362358680555557 0.43459284027777784 0.6209449120370371 0.4358951990740741 0.6012378935185185
19 0.5462969537037037 0.688495375 0.5543322615740741 0.6643200925925926 0.5574159537037038 0.6510321712962963 0.5554438819444444 0.6341618402777778 0.5506529444444445 0.6185165763888889 0.5455230625 0.6032751134259259 0.5441800509259259 0.5892146527777777 0.544154763888889 0.5739381319444444 0.5447867291666667 0.5642861412037037 0.5478986805555556 0.5538122268518518 0.5584704259259259 0.5344436759259259 0.5692051990740741 0.5227116990740741 0.5736736041666667 0.5106206319444444 0.5776471712962963 0.5005429236111111 0.5818240648148149 0.48835936111111117 0.5856350902777778 0.4706450671296296 0.587973113425926 0.4557550902777778 0.5926458171296296 0.43843635185185187 0.596376875 0.4215503125 0.5930559699074074 0.4155432592592593 0.5887294722222222 0.441703025462963 0.5838625694444445 0.46103305555555557 0.5814856990740741 0.4763254189814815 0.5774138541666667 0.4936393796296296 0.5718114490740741 0.5081503078703704 0.5650472708333334 0.5222670925925926 0.5558914675925926 0.5331839837962963 0.5486435324074074 0.5460977268518519 0.5421795138888889 0.5602124490740741 0.5327547199074074 0.5614835347222222 0.5332667986111111 0.5654999282407408 0.5411126203703703 0.5650439282407407 0.5408871967592593 0.5767037291666667 0.5407854606481481 0.5964025023148147 0.5435237175925925 0.6084440740740741 0.5476467476851852 0.621681849537037 0.5522434907407408 0.639338400462963 0.5540044861111111 0.6490697592592594 0.5456196435185185 0.6768652314814815 0.5419639583333333 0.6929706250000001 0.5361860625 0.715522574074074 0.5313680555555556 0.7312344768518519 0.5284193240740741 0.737010900462963 0.5318428819444444 0.7354359282407408 0.5462969537037037 0.688495375
19 0.44974255555555553 0.7064444583333334 0.44245396759259265 0.6855907268518519 0.43840864120370365 0.671548175925926 0.43341637499999996 0.6486680694444444 0.43624880787037035 0.6317640925925926 0.43742754166666664 0.6040174560185185 0.43755704629629627 0.5871326875 0.43457563888888884 0.5807211805555555 0.4245994930555556 0.5783776157407408 0.4164923657407407 0.5784332916666667 0.40593363657407405 0.5821235902777778 0.40032409722222223 0.5873883842592592 0.39424852546296296 0.5974798796296297 0.3922993171296297 0.6083479328703704 0.39131775462962964 0.6216207638888889 0.38978477314814813 0.6312795902777778 0.3889096550925926 0.6465616435185185 0.388606587962963 0.6590255717592592 0.39006603009259255 0.6718801666666666 0.39642831481481483 0.6774642175925926 0.40069906712962966 0.679846962962963 0.40465955555555555 0.6854481597222223 0.41022684953703703 0.6930476203703704 0.4242871712962963 0.7090313472222222 0.4319746805555556 0.7226467638888889 0.4390930462962963 0.7266184398148148 0.447217900462963 0.7325925046296297 0.4581697314814815 0.746587625 0.46910341203703704 0.7545523541666667 0.47599883564814816 0.7577213194444444 0.48478446296296296 0.7568567430555555 0.4984622800925926 0.7519386574074074 0.5125287013888888 0.7480215902777778 0.5065315763888889 0.7470801157407407 0.5122881481481482 0.7444318703703703 0.4933889143518519 0.7423251967592592 0.46920465972222225 0.734853587962963 0.457535962962963 0.7220697546296295 0.44974255555555553 0.7064444583333334