0 0.56201171875 0.3046875 0.56689453125 0.3053385421875 0.56787109375 0.3033854171875 0.5625 0.298828125 0.55908203125 0.2903645828125 0.5576171875 0.28125 0.55126953125 0.265625 0.54736328125 0.26171875 0.54150390625 0.2630208328125 0.541015625 0.2779947921875 0.54443359375 0.287109375 0.55078125 0.2962239578125 0.56201171875 0.3046875
0 0.568359375 0.353515625 0.5693359375 0.3463541671875 0.5615234375 0.3118489578125 0.556640625 0.314453125 0.55029296875 0.328125 0.55029296875 0.3385416671875 0.55322265625 0.3483072921875 0.56005859375 0.35546875 0.568359375 0.353515625
0 0.50830078125 0.33203125 0.50732421875 0.3216145828125 0.5107421875 0.310546875 0.5107421875 0.302734375 0.50537109375 0.2864583328125 0.50048828125 0.2819010421875 0.49462890625 0.2819010421875 0.4873046875 0.2903645828125 0.48779296875 0.306640625 0.49365234375 0.3216145828125 0.5048828125 0.3333333328125 0.50830078125 0.33203125
0 0.51318359375 0.3932291671875 0.51513671875 0.3723958328125 0.50537109375 0.3450520828125 0.498046875 0.35546875 0.49267578125 0.3684895828125 0.49267578125 0.3834635421875 0.498046875 0.3951822921875 0.50537109375 0.3977864578125 0.51318359375 0.3932291671875
0 0.60595703125 0.4388020828125 0.60986328125 0.431640625 0.61279296875 0.4192708328125 0.609375 0.400390625 0.60205078125 0.3893229171875 0.59619140625 0.3938802078125 0.5908203125 0.4055989578125 0.59033203125 0.419921875 0.59423828125 0.4322916671875 0.60205078125 0.4401041671875 0.60595703125 0.4388020828125
0 0.63818359375 0.3776041671875 0.6396484375 0.3658854171875 0.6318359375 0.359375 0.62158203125 0.3600260421875 0.60205078125 0.376953125 0.60205078125 0.380859375 0.615234375 0.3860677078125 0.62890625 0.38671875 0.63818359375 0.3776041671875
4 0.5478515625 0.3424479171875 0.54345703125 0.337890625 0.52978515625 0.33984375 0.51416015625 0.3346354171875 0.5087890625 0.337890625 0.50830078125 0.3450520828125 0.515625 0.3430989578125 0.53076171875 0.349609375 0.5478515625 0.3424479171875
4 0.580048340625 0.3140065109375 0.5793876953125 0.3204615890625 0.5811494140625 0.3251569015625 0.5837919921875 0.3301451828125 0.58621435625 0.3292649734375 0.5840122062499999 0.3242766921875 0.5829111328125001 0.3207552078125 0.5835717765624999 0.3134192703125 0.5829111328125001 0.30667057343750004 0.5791674812500001 0.3031497390625 0.5721206046875 0.3034427078125 0.5679365234375 0.30285612031250003 0.56397265625 0.30813802031250004 0.564192871875 0.31329362031249997 0.5681567390625 0.3072578125 0.5725610343749999 0.3072578125 0.5785068359375 0.30784440156250004 0.580048340625 0.3140065109375
4 0.5926005859375 0.3539127609375 0.5923803703125 0.3477506515625 0.5899580078125 0.3471640625 0.587976075 0.350978515625 0.5897377921875 0.3594876296875 0.5908388671875 0.3671171875 0.5923803703125 0.37269205781250003 0.59568359375 0.3791477859375 0.5978857421875 0.38971093749999997 0.60096875 0.3873639328125 0.600087890625 0.3823756515625 0.602950684375 0.3812018234375 0.5998676765625001 0.376275390625 0.59568359375 0.37210546875 0.5943623046875001 0.3662369796875 0.5943623046875001 0.35978125 0.5926005859375 0.3539127609375
2 0.5979794921875 0.353537109375 0.6094321296875 0.362064453125 0.6377270515625 0.3784466140625 0.6481689453125 0.3877005203125 0.6562534171875 0.39847265625 0.6636640625 0.41440625000000003 0.6685478515625001 0.4249537765625 0.6720849609374999 0.44088737031249997 0.6727587890625 0.4536790359375 0.6719165046875 0.465796875 0.6698955078125 0.4803841140625 0.6621479484374999 0.4927265625 0.645474121875 0.506865234375 0.6111162109375 0.52601953125 0.596126953125 0.5365670578125 0.5883793953125 0.5453190109375 0.570021484375 0.5648430984374999 0.55604248125 0.5789817703125 0.5434111328125 0.5879583328125 0.5284213875 0.5890800781250001 0.516126953125 0.5841432296875 0.507537596875 0.57987890625 0.4976005859375 0.5783079421874999 0.48951611406250006 0.57987890625 0.4807583015625 0.5852649734375001 0.4745268546875 0.594017578125 0.46896875 0.5973834640625 0.46240039062499994 0.5994029953125 0.45583203125000005 0.6047890625 0.45162158281250003 0.6072578125 0.4437055671875 0.609052734375 0.43696875 0.611521484375 0.42854785156249997 0.6077063796875 0.42332665937499997 0.6020963546875 0.41675829999999997 0.6011985671875 0.409853028125 0.6059114578125 0.4024423828125 0.6128678390625 0.3943583984375 0.6169075515625 0.38610546874999996 0.620947265625 0.37835839843749997 0.6245377609375 0.3709477546875 0.6288014328125 0.36555810625 0.6346360671875 0.35865283125 0.6406953125 0.3588212890625 0.6447350265625 0.3689267578125 0.6355338546875 0.373642578125 0.629923828125 0.3807163078125 0.6256595046875 0.3886318359375 0.622966796875 0.39621093749999997 0.6196002609375 0.40345312499999997 0.616009765625 0.4081689453125 0.6110729171875 0.41625292968750005 0.6056868484375 0.42231640625000005 0.6054622390625 0.42972656249999996 0.6133170578125 0.43831640624999996 0.6151119796875 0.447916015625 0.6121946609375 0.4561689453125 0.60927734375 0.46105322187500003 0.605013671875 0.466610840625 0.6023203125000001 0.4726743171875 0.6014231765625 0.4785688484375 0.5935683593750001 0.48867431562499997 0.5843671875 0.49962158125 0.5810013015625 0.5098955078125 0.5830208328125 0.5183164062500001 0.5884069015625 0.5294321296875 0.59379296875 0.546779296875 0.5897532546875001 0.5595795906250001 0.5807766921875 0.5717060546875 0.5695032546875 0.5843374015625 0.5540182296875 0.5956215828125 0.5410026046875 0.6090952140625 0.5318014328125 0.628295409375 0.5201321609375 0.6485058593749999 0.5086868484375 0.6634956046875 0.496568359375 0.6714111328125 0.48534765625 0.67410595625 0.46559895781250005 0.675453125 0.451236328125 0.6739375 0.43633268281250004 0.6690532218749999 0.41995052031249996 0.6599584968750001 0.40132421875 0.65204296875 0.387634765625 0.6416005859375 0.37843359374999996 0.6117900390625 0.36048046875 0.5973056640625 0.346791015625 0.5871162109375 0.32920703125 0.5840004875 0.3319928390625 0.5898955078125 0.34007226562500004 0.5979794921875 0.353537109375
2 0.5861899421875 0.33984765625 0.577432128125 0.35578125 0.5688427734375 0.37306119843749996 0.5637900390625 0.384955078125 0.55772705 0.4017858078125 0.5514951171875 0.4235540359375 0.546947753125 0.4374680984375 0.54155859375 0.4577311203125 0.533474121875 0.4662591140625 0.5225268562500001 0.472318359375 0.5080424796874999 0.472318359375 0.494231934375 0.4691764328125 0.4816005859375 0.46558593750000005 0.46576904375000006 0.4604244796875 0.45313720625 0.4575071609375 0.44690576249999997 0.4575071609375 0.451958496875 0.4442662765625 0.4549897453125 0.43237239531249994 0.456505859375 0.420478515625 0.4605478515625 0.41127734374999997 0.4699794921875 0.40319856718749997 0.4765478515625 0.3928092453125 0.48058984374999997 0.3764270828125 0.4760424796875 0.3901165359375 0.47014795 0.39864453125 0.4618950203125 0.407396484375 0.45633740156249997 0.4145774734375 0.45431640624999997 0.4244518234375 0.4494321296875 0.443078125 0.444884765625 0.45770507812499994 0.435958496875 0.46152018281249996 0.4241689453125 0.46982356718749996 0.4145688484375 0.4814928390625 0.4081689453125 0.49204036406249996 0.3978950203125 0.513650390625 0.39637939375000003 0.5311549484375 0.39486377031250003 0.5410286453125 0.39570556562500003 0.554494140625 0.3946953125 0.56975390625 0.3977265625 0.5820970046875 0.402779296875 0.5928684890625 0.40850585937500006 0.6007233078125 0.4174321296875 0.6061093750000001 0.424337403125 0.6162076828124999 0.4282109375 0.6254088546875 0.43444238281249997 0.6443391921875 0.4400004875 0.6557845046875 0.4487583 0.6806940109374999 0.4526318359375 0.6869778640625 0.45633740156249997 0.6921393234375001 0.4617265625 0.6914661453125001 0.467958496875 0.6865292968750001 0.45987402343749995 0.6878756515625 0.45465332031249994 0.68428515625 0.4501059578125 0.6766549484375 0.4457265625 0.6652096359375 0.4416845703125 0.6510716140625 0.436295409375 0.641421875 0.42854785156249997 0.6178580734375 0.4132216796875 0.5991790359375 0.40597949218749996 0.5928951828125 0.4009267578125 0.5812259109375 0.3973896484375 0.5637213546875001 0.3972216796875 0.5471145828124999 0.3978950203125 0.53252734375 0.40025292968750004 0.5163170578125 0.40480029218749997 0.5062180984375 0.41372656250000006 0.4889381515625 0.419453125 0.47928841093749996 0.4268637703125 0.47165820312499995 0.4334321296875 0.46582356718750006 0.44084277343749995 0.46178385468750005 0.4480844734375 0.460212890625 0.4549897453125 0.460212890625 0.46324267499999994 0.46200846406249996 0.471663575 0.465375 0.4826108390625 0.4687408859375 0.49035839843750006 0.47098502656249996 0.48143212812499997 0.47614648437499996 0.4746953125 0.47906380156250006 0.47098974531250004 0.48377669218749997 0.472505859375 0.4873671875 0.47688476562500004 0.4801861984375 0.4804213875 0.47996158906249997 0.48783203124999996 0.47637109375 0.4927163078125 0.472107421875 0.5014741218750001 0.4743515625 0.5115795890625 0.47478710937499996 0.5205058593749999 0.4752356765625 0.527748046875 0.4732161453125 0.53431640625 0.4691764328125 0.5420639640625 0.4626686203125 0.5456005859374999 0.4539166671875 0.54913720625 0.43955403593750003 0.55334814375 0.4258645828125 0.556884765625 0.4132975265625 0.564632325 0.3890078125 0.5717060546875 0.3721764328125 0.5782744140625 0.3607311203125 0.5846743171875 0.3492864578125 0.5892216796875 0.3400852859375 0.591916503125 0.3378411453125 0.591579590625 0.3423294265625 0.5898955078125 0.346369140625 0.5929267578124999 0.34705989531250003 0.5957900390625 0.3380520828125 0.5942744140625 0.3344615890625 0.5902324218749999 0.3337884109375 0.5861899421875 0.33984765625
2 0.6611235343749999 0.3327858078125 0.6611235343749999 0.3213587234375 0.6568359375 0.3120475265625 0.6533427734374999 0.29977408906249997 0.6492138671875 0.284326171875 0.64365625 0.27374544218749997 0.633017578125 0.2663391921875 0.6217431640625 0.2618951828125 0.6077700187499999 0.2633763015625 0.59728955 0.2686666671875 0.5920493171875 0.27395703125000004 0.5795048828125 0.292791015625 0.57648828125 0.3023131515625 0.572677246875 0.3118359375 0.56966015625 0.33659505156249997 0.5693427734375 0.3456940109375 0.5693427734375 0.3458301453125 0.5714558765625 0.34649896562500004 0.571268678125 0.3498805046875 0.5782348625 0.35246549531250004 0.6020532234375 0.3634694015625 0.623648925 0.3706647140625 0.6336528312499999 0.3721458328125 0.6414331046874999 0.3677018234375 0.653501465625 0.3556399734375 0.6571533203125 0.34929166718750004 0.6611235343749999 0.3327858078125
2 0.580299315625 0.4485384109375 0.5869682625 0.4637747390625 0.5999892578125 0.4957858078125 0.6011005859375 0.5186399734375 0.5982421875 0.5440338546875 0.5974482421875 0.5618092453125 0.60046533125 0.575140625 0.6026884765625 0.5859908859375 0.6069760734375 0.6001692703125 0.6082460937499999 0.624927734375 0.603005859375 0.640798828125 0.597130859375 0.6479934890625 0.5901440421874999 0.653072265625 0.581251953125 0.6596321609375 0.5729946296875 0.6666158859375 0.56330859375 0.6723294265625 0.555845215625 0.6735989578125 0.545841796875 0.6719062499999999 0.5377431640625 0.6668274734375 0.5296450187499999 0.6575162765625 0.5231347656249999 0.6439733078125001 0.51789453125 0.6325455734375 0.510431153125 0.6238697921874999 0.5028095703125001 0.6219654953125 0.4950288078125 0.6240813796875 0.485342284375 0.6344889328125001 0.4791499015625 0.6476087234375 0.4747036140625 0.6626334640625 0.4707338859375 0.6816783859375 0.466287596875 0.7038977859375 0.4659702140625 0.7180761718750001 0.4680341796875 0.7273873703125 0.47168652343749995 0.7324661453125 0.4747036140625 0.73944921875 0.47787939375 0.7500299484374999 0.47930859375 0.773990234375 0.47851464843749997 0.8076367187500001 0.4747036140625 0.8412832031249999 0.471845215625 0.8620501296875 0.472321778125 0.8690338546874999 0.4747036140625 0.865859375 0.475020996875 0.8531627609375001 0.4791499015625 0.8252298171874999 0.4815317390625 0.797931640625 0.4815317390625 0.7678821609375001 0.4791499015625 0.7446048171874999 0.4753388671875 0.7327545578125 0.47025732343750004 0.7268294265625 0.4680341796875 0.7164602859375 0.469145996875 0.6982037765625 0.4732744140625 0.6776770828124999 0.47835595625 0.6586321609375 0.48391357343749997 0.6438190109375 0.491853028125 0.63196875 0.499474609375 0.624138671875 0.5059853515625 0.6256204421875 0.5137661140625001 0.6317571609375 0.5186884765625 0.64064453125 0.5261513671875 0.6573619796875 0.535837890625 0.668578125 0.54520654375 0.6764075515625 0.55378125 0.6776770828124999 0.5634672843749999 0.676619140625 0.5720419921875 0.6719635421875 0.5799814453125001 0.6649804687499999 0.587603515625 0.6586321609375 0.59601953125 0.6537649734375 0.60284716875 0.6467819015625 0.6082460937499999 0.6357779953125 0.6107866203125 0.6243502609375 0.6106279296875 0.6120768234375 0.608087403125 0.5959368484375 0.60459375 0.5823932296875001 0.6015771484375 0.5703313796875 0.599830078125 0.5529791671875001 0.6009418953125001 0.53880078125 0.60284716875 0.5208138015625 0.6036411125 0.5036731765625 0.6014179687500001 0.49224609375000006 0.590779296875 0.4659485671875 0.5831572265625 0.44838411406249995 0.578076171875 0.43420637968750003 0.5736298828125 0.41516080781250003 0.571724609375 0.38997916718750003 0.5710893546875 0.3531197921875 0.571268678125 0.3498805046875 0.5693427734375 0.34916584687499996 0.5693427734375 0.368759765625 0.570295409375 0.397328125 0.572200684375 0.41912434843749996 0.5752177734374999 0.4330904953125 0.580299315625 0.4485384109375