1 0.6689814814814815 0.4027777777777778 0.6712962962962963 0.4050925925925926 0.6736111111111112 0.4305555555555556 0.6759259259259259 0.43287037037037035 0.6712962962962963 0.4375 0.6712962962962963 0.44212962962962965 0.6620370370370371 0.45601851851851855 0.6597222222222222 0.43287037037037035 0.6550925925925926 0.42824074074074076 0.6597222222222222 0.4166666666666667 0.6574074074074074 0.41203703703703703 0.6597222222222222 0.4074074074074074 0.6666666666666666 0.4027777777777778
8 0.6504629629629629 0.46296296296296297 0.6527777777777778 0.4675925925925926 0.6481481481481481 0.4722222222222222 0.6435185185185185 0.4837962962962963 0.6365740740740741 0.4930555555555556 0.6296296296296297 0.4976851851851852 0.625 0.4976851851851852 0.625 0.4930555555555556 0.6203703703703703 0.49074074074074076 0.625 0.47453703703703703 0.6273148148148148 0.47453703703703703 0.6296296296296297 0.4699074074074074 0.6388888888888888 0.46296296296296297 0.6435185185185185 0.46064814814814814 0.6481481481481481 0.46296296296296297
9 0.5995370370370371 0.4861111111111111 0.6041666666666666 0.49074074074074076 0.6041666666666666 0.49537037037037035 0.5972222222222222 0.5023148148148148 0.5925925925925926 0.5023148148148148 0.5856481481481481 0.5069444444444444 0.5740740740740741 0.5046296296296297 0.5717592592592593 0.5023148148148148 0.5810185185185185 0.4930555555555556 0.5879629629629629 0.48842592592592593 0.5972222222222222 0.48842592592592593
10 0.5462962962962963 0.5046296296296297 0.5486111111111112 0.5069444444444444 0.5532407407407407 0.5069444444444444 0.5555555555555556 0.5115740740740741 0.5462962962962963 0.5162037037037037 0.5393518518518519 0.5254629629629629 0.5347222222222222 0.5277777777777778 0.5300925925925926 0.5254629629629629 0.5300925925925926 0.5208333333333334 0.5324074074074074 0.5162037037037037 0.5347222222222222 0.5162037037037037 0.5393518518518519 0.5092592592592593 0.5439814814814815 0.5069444444444444
11 0.5509259259259259 0.5138888888888888 0.5578703703703703 0.5208333333333334 0.5578703703703703 0.5300925925925926 0.5555555555555556 0.5347222222222222 0.5439814814814815 0.5439814814814815 0.5277777777777778 0.5416666666666666 0.5300925925925926 0.5370370370370371 0.5300925925925926 0.5277777777777778 0.5347222222222222 0.5254629629629629 0.5347222222222222 0.5208333333333334 0.5370370370370371 0.5185185185185185 0.5393518518518519 0.5231481481481481 0.5486111111111112 0.5162037037037037
12 0.5231481481481481 0.5555555555555556 0.5370370370370371 0.5833333333333334 0.5347222222222222 0.6018518518518519 0.5231481481481481 0.6111111111111112 0.5138888888888888 0.6064814814814815 0.5115740740740741 0.5833333333333334 0.5069444444444444 0.5787037037037037 0.5115740740740741 0.5717592592592593 0.5115740740740741 0.5671296296296297 0.5185185185185185 0.5578703703703703 0.5208333333333334 0.5578703703703703
13 0.5115740740740741 0.48842592592592593 0.5231481481481481 0.5069444444444444 0.5231481481481481 0.5208333333333334 0.5254629629629629 0.5231481481481481 0.5231481481481481 0.5347222222222222 0.5092592592592593 0.5324074074074074 0.5 0.5231481481481481 0.49537037037037035 0.5138888888888888 0.4930555555555556 0.49074074074074076 0.4976851851851852 0.4861111111111111 0.5046296296296297 0.4861111111111111 0.5092592592592593 0.49074074074074076
14 0.37962962962962965 0.5833333333333334 0.3912037037037037 0.5902777777777778 0.3912037037037037 0.6018518518518519 0.38657407407407407 0.6111111111111112 0.37037037037037035 0.6203703703703703 0.3611111111111111 0.6226851851851852 0.3611111111111111 0.6064814814814815 0.36574074074074076 0.5995370370370371 0.36574074074074076 0.5949074074074074 0.375 0.5856481481481481 0.3773148148148148 0.5856481481481481
15 0.3541666666666667 0.625 0.34953703703703703 0.6087962962962963 0.35185185185185186 0.6064814814814815 0.35648148148148145 0.6087962962962963 0.35648148148148145 0.6226851851851852
2 0.32175925925925924 0.5925925925925926 0.33101851851851855 0.5995370370370371 0.33564814814814814 0.6087962962962963 0.3425925925925926 0.6157407407407407 0.3425925925925926 0.6203703703703703 0.3472222222222222 0.6273148148148148 0.3425925925925926 0.6273148148148148 0.33564814814814814 0.6203703703703703 0.33101851851851855 0.6226851851851852 0.3194444444444444 0.6180555555555556 0.3148148148148148 0.6203703703703703 0.3125 0.6157407407407407 0.30787037037037035 0.6157407407407407 0.3055555555555556 0.6134259259259259 0.30324074074074076 0.6087962962962963 0.30324074074074076 0.5972222222222222 0.3055555555555556 0.5949074074074074 0.3148148148148148 0.5949074074074074 0.3194444444444444 0.5925925925925926
3 0.4537037037037037 0.39351851851851855 0.45601851851851855 0.3958333333333333 0.4583333333333333 0.39351851851851855 0.4699074074074074 0.3958333333333333 0.4699074074074074 0.4027777777777778 0.46064814814814814 0.41435185185185186 0.46064814814814814 0.4236111111111111 0.4513888888888889 0.4305555555555556 0.44212962962962965 0.4305555555555556 0.44212962962962965 0.42592592592592593 0.4375 0.4166666666666667 0.4398148148148148 0.41203703703703703 0.4398148148148148 0.4027777777777778 0.44212962962962965 0.4027777777777778 0.4444444444444444 0.39814814814814814 0.4513888888888889 0.39351851851851855
4 0.5046296296296297 0.37962962962962965 0.5069444444444444 0.3819444444444444 0.5069444444444444 0.38657407407407407 0.5115740740740741 0.3888888888888889 0.5115740740740741 0.3958333333333333 0.5069444444444444 0.4050925925925926 0.49537037037037035 0.4050925925925926 0.48842592592592593 0.40046296296296297 0.4837962962962963 0.40046296296296297 0.4791666666666667 0.3958333333333333 0.4722222222222222 0.3958333333333333 0.47453703703703703 0.38425925925925924 0.4861111111111111 0.375 0.4930555555555556 0.375 0.5023148148148148 0.37962962962962965
5 0.47685185185185186 0.39814814814814814 0.4837962962962963 0.4027777777777778 0.5 0.4074074074074074 0.5 0.41435185185185186 0.5046296296296297 0.41898148148148145 0.5046296296296297 0.4236111111111111 0.5023148148148148 0.42592592592592593 0.47685185185185186 0.4212962962962963 0.4699074074074074 0.4166666666666667 0.4652777777777778 0.4097222222222222 0.4699074074074074 0.40046296296296297 0.47453703703703703 0.39814814814814814
6 0.5115740740740741 0.39814814814814814 0.5185185185185185 0.4097222222222222 0.5185185185185185 0.4236111111111111 0.5138888888888888 0.42592592592592593 0.5115740740740741 0.41898148148148145 0.5069444444444444 0.41435185185185186 0.5069444444444444 0.4027777777777778 0.5092592592592593 0.40046296296296297
7 0.5115740740740741 0.44212962962962965 0.5138888888888888 0.4398148148148148 0.5185185185185185 0.44212962962962965 0.5254629629629629 0.4398148148148148 0.5439814814814815 0.44907407407407407 0.5509259259259259 0.4583333333333333 0.5555555555555556 0.4675925925925926 0.5555555555555556 0.4722222222222222 0.5486111111111112 0.48148148148148145 0.5439814814814815 0.4791666666666667 0.5393518518518519 0.48148148148148145 0.5300925925925926 0.4722222222222222 0.5208333333333334 0.4583333333333333 0.5185185185185185 0.44907407407407407 0.5138888888888888 0.44675925925925924 0.5138888888888888 0.4444444444444444
24 0.6723905740740741 0.5158149745370371 0.6765968402777778 0.5183610208333334 0.681868074074074 0.5106385902777778 0.6814120694444445 0.49882669444444444 0.6773212453703704 0.48779908796296295 0.6686433981481481 0.47384012731481484 0.6649582476851852 0.4670075902777778 0.6664821226851851 0.4612444375 0.655098298611111 0.4662933703703704 0.657831613425926 0.46940956481481483 0.6647480787037038 0.47676798842592594 0.6697634050925926 0.48219827546296296 0.6761845185185186 0.4976522060185185 0.6769015069444444 0.5073204861111111 0.6723905740740741 0.5158149745370371
25 0.5812677361111112 0.5540880023148148 0.5744663449074074 0.5382487106481482 0.5687112893518519 0.5248456296296297 0.5662617013888889 0.5178903310185186 0.5710810416666666 0.5093651990740741 0.5676354467592593 0.5075905185185184 0.5623637337962963 0.5153129953703703 0.5569917199074074 0.5078011180555555 0.5563759930555556 0.5133670949074074 0.563601462962963 0.5206954768518519 0.5699053356481482 0.5391250277777778 0.5753515 0.5525587986111111 0.5693678726851852 0.5616220949074074 0.5692292060185186 0.5717991898148148 0.5737906967592592 0.5709228287037037 0.5788706504629629 0.5602547731481481 0.5812677361111112 0.5540880023148148
26 0.34418084259259263 0.6295543240740741 0.34772526851851854 0.6410593564814815 0.34808714583333333 0.6541506944444444 0.3468814537037037 0.6690916666666666 0.34662517824074074 0.6822450810185186 0.3485772453703704 0.6917906435185186 0.3556119189814815 0.696173349537037 0.3584376736111111 0.6925048171296296 0.3518778958333333 0.6872279814814816 0.35246580092592594 0.6723483912037037 0.35266703935185184 0.6405683518518518 0.3602906990740741 0.6264188773148148 0.35565409027777783 0.625026587962963 0.3525682060185185 0.6308379953703704 0.3520192731481482 0.6258108773148149 0.34902546064814816 0.6248382523148147 0.3490275162037037 0.630342849537037 0.3460084236111111 0.6255611620370369 0.34418084259259263 0.6295543240740741
27 0.5151938287037038 0.5388041018518519 0.5100865393518519 0.5401584953703703 0.5171690046296297 0.5466534814814815 0.5180747337962963 0.553762837962963 0.5231593935185186 0.5541045787037037 0.5237745254629629 0.548538 0.5277182337962963 0.5477230185185186 0.5242242500000001 0.5438354583333334 0.5234382986111111 0.5392550300925926 0.5200893726851852 0.541705462962963 0.5151938287037038 0.5388041018518519
28 0.49191387731481484 0.4305913935185185 0.4953390115740741 0.43956745601851854 0.5059827384259259 0.4393568541666667 0.5117057523148149 0.43243647916666667 0.5078082638888889 0.4298590972222222 0.5056949027777777 0.43218676620370367 0.5036482199074074 0.4239206875 0.5010598564814814 0.42714183564814817 0.5013478032407408 0.43431257175925925 0.49393322222222225 0.4295438125 0.49191387731481484 0.4305913935185185
17 0.6789036041666667 0.596791925925926 0.6691906597222222 0.6079196458333334 0.6652264884259259 0.6159360092592593 0.663045849537037 0.6288568217592593 0.6542596875 0.6398931203703704 0.6450701365740741 0.6522402407407407 0.6412760810185185 0.6704023611111111 0.6306618564814814 0.6854318680555556 0.6226825879629629 0.6938471620370371 0.6098555717592592 0.7014733796296296 0.5943441087962964 0.7080962314814815 0.5780232199074073 0.7118355347222222 0.5691839652777778 0.7097491574074074 0.5604166898148149 0.7080794282407408 0.5524301805555555 0.6999803819444445 0.5410488935185186 0.6977234351851851 0.5286951898148148 0.6989508773148148 0.5147229976851851 0.6944105277777778 0.505144125 0.6843520092592592 0.49803638194444444 0.6740479583333333 0.4905504074074074 0.6688631481481481 0.4815867800925926 0.6532386967592593 0.47965771296296295 0.6419963009259259 0.47873310879629627 0.6292843402777778 0.4720746064814815 0.6142777986111111 0.46524999074074075 0.6001340439814814 0.45787920601851856 0.5864690162037037 0.45371699074074073 0.5750253611111111 0.44178508796296295 0.562236 0.43398768750000005 0.5515773310185185 0.4298003125 0.5363252638888889 0.42903493750000005 0.5245441041666666 0.42822165046296295 0.5106500185185185 0.4253429074074074 0.5011965277777778 0.4214748263888889 0.4951287685185185 0.41740722685185183 0.4824056296296297 0.41371725694444444 0.46456265046296297 0.40924361805555554 0.4476451342592593 0.3961455972222222 0.4298906388888889 0.3811205601851852 0.4063983449074074 0.37165687268518516 0.3878596087962963 0.36492470370370367 0.36693112037037035 0.35995137268518523 0.347098625 0.3621316435185185 0.33417850694444445 0.36930233101851856 0.3228789212962963 0.3767358009259259 0.31494165277777775 0.38899283333333334 0.3094891018518519 0.3895139444444445 0.30520260648148145 0.37742243287037036 0.30979177314814815 0.37024957638888883 0.31558611574074075 0.3614403032407407 0.3283185949074074 0.357192412037037 0.3401740625 0.36042007407407406 0.3589845138888889 0.36598855324074075 0.3804517662037037 0.3773555486111111 0.40642388194444445 0.3944015069444444 0.43437324074074074 0.4080232916666667 0.45334644212962966 0.41297134027777777 0.469369875 0.41461668749999997 0.484451375 0.42217875231481483 0.501062025462963 0.4263561967592593 0.5180842245370371 0.4261461412037037 0.5278452731481481 0.4290039398148148 0.5445001898148149 0.43573383101851854 0.5599227800925926 0.4478317361111111 0.5718487060185186 0.4546310763888889 0.5821833981481481 0.4594824560185185 0.5939817199074073 0.4675909143518519 0.6101149398148148 0.4737493587962963 0.6222071967592592 0.47601248611111113 0.6372273171296295 0.4780612222222222 0.6509979907407407 0.4851001180555556 0.6663905393518519 0.4958199398148148 0.6776057847222222 0.5023099050925927 0.6879712129629629 0.5176627199074074 0.6987267916666666 0.5350548587962963 0.7012334513888889 0.5514261944444444 0.705111625 0.5657324444444444 0.7134296967592593 0.5851665578703704 0.7131926435185185 0.6043615949074074 0.7078976851851851 0.6280671944444444 0.6941089328703703 0.6445935439814815 0.6695994351851852 0.6531376087962962 0.6480007268518518 0.6616868611111111 0.6374117731481482 0.6675248379629629 0.6220098842592593 0.6769981111111112 0.6058236574074074 0.6856162152777777 0.590146201388889 0.682521025462963 0.5739386689814815 0.6741755486111111 0.5582521388888889 0.6741456782407407 0.5434339282407407 0.6752800949074074 0.5207541064814815 0.6711030092592593 0.5183781180555556 0.6709412337962962 0.5302513958333334 0.669592650462963 0.5443596203703703 0.6711896064814815 0.5573282407407407 0.6770165324074073 0.5711473240740741 0.6822251967592593 0.5850278333333333 0.6789036041666667 0.596791925925926
18 0.600493625 0.6981688495370371 0.6183375462962963 0.7014775694444445 0.6396460578703703 0.693855587962963 0.6553953888888889 0.6867853009259259 0.6646790671296297 0.6731587407407408 0.6665508217592593 0.6602686180555556 0.6640482453703703 0.6401912916666667 0.6597893657407407 0.6245225231481482 0.6539167013888888 0.6140957615740741 0.6471656435185186 0.605873298611111 0.6394422824074074 0.6011358796296297 0.6335763773148148 0.6072235046296297 0.614526400462963 0.6188564560185185 0.6039309490740741 0.621179287037037 0.5973947615740741 0.614206224537037 0.5890510833333333 0.6040256342592593 0.5847459814814815 0.5917492337962963 0.5804177685185186 0.5811690162037036 0.5784886990740741 0.5699266226851852 0.5818056990740741 0.5471533842592593 0.5896584236111111 0.5196947662037037 0.6019048425925926 0.4867172800925926 0.6129640763888888 0.4706223449074074 0.6172834699074073 0.45918357638888885 0.6158776828703704 0.44915993287037037 0.6139717245370371 0.43622135416666663 0.6169592592592593 0.4206795370370371 0.6164776041666667 0.4050592731481481 0.6108171620370371 0.3903767083333334 0.6078186435185186 0.3783942893518518 0.6041770624999999 0.3626641898148148 0.5943355231481482 0.34924399074074075 0.5876312800925926 0.33762976620370366 0.577810199074074 0.3170081898148148 0.5763792453703703 0.30317613425925927 0.5740514907407407 0.3042543587962963 0.5766003958333333 0.32093996990740736 0.5843053518518518 0.3383833680555555 0.5903204259259259 0.34964292592592594 0.5996391666666667 0.36184432175925924 0.6048962175925925 0.3778377129629629 0.6104158263888889 0.39719212962962963 0.6147696875 0.41158071527777773 0.6123054351851851 0.4283412824074074 0.6120264166666667 0.4431901828703704 0.6129825925925926 0.4579170138888889 0.6126531296296297 0.4651484375 0.6020156805555555 0.48187347685185183 0.5924735532407408 0.5031482037037037 0.5848074027777778 0.522542650462963 0.5808642731481481 0.5416668657407407 0.5757885416666666 0.5633447615740741 0.5760075277777778 0.5756033518518519 0.5804324074074074 0.5904086828703704 0.5852586226851852 0.5983985902777778 0.5856894606481481 0.606402074074074 0.5909421759259259 0.6113849722222222 0.601876388888889 0.6238496620370371 0.6077926273148149 0.6253788611111111 0.6211428124999999 0.6189707499999999 0.6311667060185185 0.6133169375 0.639360363425926 0.6061510833333332 0.6496746296296296 0.6131719050925926 0.658471775462963 0.6296598425925927 0.6624937453703703 0.6457759513888889 0.6629749166666667 0.661396261574074 0.6581387523148149 0.6771468402777778 0.6485204189814815 0.6869950763888889 0.6344331550925927 0.6909355925925925 0.6214638402777778 0.697729662037037 0.6067566226851852 0.6962263148148148 0.599056375 0.6897927106481482 0.5917568680555556 0.6765430833333334 0.5853084189814814 0.6517754953703703 0.5817152291666667 0.6381582731481481 0.5792378240740741 0.6218893587962963 0.5778067569444444 0.6080566574074074 0.5777999953703704 0.5915422615740741 0.5732548541666667 0.5742080509259259 0.5691053333333334 0.5738235694444445 0.5731713564814815 0.5810420648148148 0.5748167037037037 0.5961235648148148 0.5752079675925926 0.6240331550925925 0.5779922083333333 0.6347667800925926 0.5816081388888888 0.6466885138888889 0.5871765069444445 0.6681551157407407 0.5914122754629629 0.6855200648148149 0.600493625 0.6981688495370371
19 0.4632011828703704 0.7694272222222223 0.472699625 0.7570494074074074 0.4812971550925926 0.7485726828703704 0.48687728009259257 0.7408195648148147 0.4895810902777778 0.7291168541666666 0.49330569907407407 0.7160426342592593 0.4920891388888889 0.7034600208333333 0.4868778263888889 0.6840743125000001 0.4810282708333333 0.6719513634259259 0.4728257962962963 0.6570982291666667 0.46495689583333333 0.646022863425926 0.45620803009259264 0.6316471574074074 0.45012314120370367 0.6254761967592593 0.4433285092592593 0.6261512986111112 0.43009435879629626 0.6240784490740742 0.41954475925925927 0.6230096111111111 0.41222478935185186 0.6169613634259259 0.4035473101851852 0.6030017083333333 0.3988383379629629 0.5920361805555555 0.39997252777777775 0.5766785092592592 0.4076664953703704 0.5665976736111111 0.41311002314814815 0.5562176180555556 0.41697752546296296 0.5439761435185185 0.42122578935185184 0.5321199791666666 0.42559346296296297 0.5227934421296296 0.4267045393518519 0.5091319537037037 0.42491630555555554 0.49321770833333334 0.42023092361111114 0.48055594907407406 0.41773029629629627 0.4659825717592593 0.4114080162037037 0.4602589976851852 0.4059434490740741 0.4595312037037037 0.3998586712962963 0.45336088888888887 0.3941078425925926 0.450967650462963 0.38671853935185185 0.4500079537037037 0.38222855092592595 0.4513010138888889 0.37381385185185184 0.4407036805555556 0.37272165972222226 0.4416591412037037 0.3796634074074074 0.45282662962962966 0.3848678425925926 0.4556972962962963 0.3913766967592593 0.4533566990740741 0.40304581944444445 0.4627837361111111 0.4133349189814815 0.4659961458333334 0.41733112962962965 0.478303238425926 0.42035275925925925 0.488589474537037 0.42287432870370373 0.4959614259259259 0.423095 0.5137253078703704 0.4185891435185185 0.5332288958333333 0.40904653703703703 0.5545036712962963 0.4002625462962963 0.571045212962963 0.3957562060185185 0.590548849537037 0.3988493356481481 0.6012517847222222 0.40771798611111115 0.6181564166666667 0.41549021527777774 0.6250066712962963 0.4260162199074074 0.6277717407407407 0.4391074814814815 0.6290118449074074 0.4488964097222222 0.6293093171296297 0.4600445324074074 0.6430234976851852 0.47048074305555554 0.6580784953703704 0.48051345370370374 0.6744436643518519 0.4870186527777778 0.6903876388888889 0.49047111805555554 0.7086773611111111 0.4908098819444444 0.7234648796296297 0.48520665046296296 0.7329141782407407 0.48188505787037034 0.7446782731481482 0.47321650694444445 0.7527382523148148 0.46328939583333334 0.7626178263888889 0.4564737106481481 0.7704937083333333 0.4495130763888889 0.77203225 0.44221838425925925 0.7697930671296297 0.4326164050925926 0.7614307268518518 0.4216364467592592 0.7523583587962963 0.40590129861111107 0.7357128263888889 0.39268555092592594 0.7209339976851852 0.3801380347222222 0.7137112662037036 0.3679456273148148 0.7030654768518518 0.36166946064814814 0.6939488888888888 0.35865192361111115 0.6964997430555555 0.36670377083333333 0.7086441574074074 0.37580558333333336 0.7140915648148147 0.3991444236111111 0.7329462337962963 0.42653828472222227 0.7607889791666667 0.4379700208333333 0.7706634027777777 0.44930508564814814 0.7763127175925926 0.45510202777777775 0.7753129398148147 0.4632011828703704 0.7694272222222223
20 0.49340594907407404 0.37246878935185185 0.492166162037037 0.3615817083333333 0.4896445902777778 0.35420975694444445 0.48569882638888884 0.3495201435185185 0.4842746319444444 0.35220247916666664 0.4875795046296296 0.35864965740740745 0.4902439675925926 0.36685435648148146 0.4899141296296296 0.37408647453703703 0.49340594907407404 0.37246878935185185
21 0.49794366898148146 0.43003321064814815 0.5022860648148149 0.4168976111111111 0.5135686296296297 0.4094248472222222 0.521657199074074 0.4108009212962963 0.5269918912037037 0.4089380787037037 0.5128541805555555 0.40526111805555554 0.5043973703703704 0.4090653449074074 0.49988427083333337 0.4120545902777778 0.4974640740740741 0.4199175439814815 0.49511537499999997 0.42819719675925927 0.49794366898148146 0.43003321064814815