4 0.6789018546875 0.5133281249999999 0.6773344734375 0.5016341140625 0.6707524421875 0.49453450468750004 0.6669912109375 0.49745768281249997 0.6729467765625 0.5053932296875 0.6738867187500001 0.5149986984375 0.6701254875 0.530869140625 0.66605078125 0.5367161453125 0.6604091796875 0.5446510421874999 0.65821533125 0.5479921875 0.670438965625 0.5518561203125001 0.667931640625 0.5463216140625 0.670438965625 0.5392220046875 0.6767080078125 0.5246048171875 0.6789018546875 0.5133281249999999
4 0.56387109375 0.515833984375 0.567005371875 0.51374609375 0.560736815625 0.505810546875 0.561990234375 0.4987109375 0.5654379890625 0.48492838593750004 0.5695126953125 0.46864062500000003 0.566064940625 0.46279362031250004 0.559169434375 0.45277018281250003 0.5544677734375 0.45235286406249997 0.5563486328125 0.46237630156250004 0.56387109375 0.470728515625 0.560736815625 0.48451106718750003 0.5576020515625 0.5033046875 0.551646971875 0.511240234375 0.5532143546875 0.5166692703125 0.5572885750000001 0.508734375 0.56387109375 0.515833984375
4 0.3234658203125 0.35396419218749997 0.32001806718750003 0.350623046875 0.3137490234375 0.35563476562499996 0.31343554687499997 0.365240234375 0.315943359375 0.3781875 0.319704590625 0.3928046875 0.3215849609375 0.4057513015625 0.32001806718750003 0.41744531250000005 0.32252539062499996 0.4212044265625 0.3247192375 0.4161927078125 0.32565966875 0.4216217453125 0.32848046875 0.42036914062499997 0.3281674796875 0.415357421875 0.33224170000000003 0.4207864578125 0.3366298828125 0.418958984375 0.32660009687499997 0.4057513015625 0.3209580078125 0.3744283859375 0.31782373124999996 0.3598111984375 0.3234658203125 0.35396419218749997
4 0.5105869140625 0.48684765625 0.5143481453125001 0.4889361984375 0.5143481453125001 0.484341796875 0.5171689453125 0.4801653640625 0.5130942390625 0.479748046875 0.51152734375 0.47431835937500005 0.50651220625 0.47515364531250004 0.5068256843750001 0.48225390625 0.5008706046875 0.48935351562499996 0.5061987296875 0.49018880156250005 0.5105869140625 0.48684765625
4 0.50369140625 0.6000286453125 0.5102734375 0.5945989578125 0.5112138671875 0.60169921875 0.5143481453125001 0.6046223953125 0.5149750984375 0.59626953125 0.517482421875 0.5983580734375 0.5209301749999999 0.5954342453125 0.51403466875 0.5891699218750001 0.5033779296875001 0.5900052078125 0.5014970703125 0.599193359375 0.50369140625 0.6000286453125
2 0.6674614265625001 0.42285351562500006 0.656177734375 0.408236328125 0.6439536140625 0.39320117187500003 0.6354912109375 0.3785833328125 0.6251474609375001 0.3689778640625 0.612923828125 0.34851367187500004 0.5922368171875 0.3259609375 0.5662216796874999 0.3146848953125 0.5461616203124999 0.31134375 0.526729003125 0.3130143234375 0.5138779296875 0.3226197921875 0.4982060546875 0.32804882812499997 0.48128076249999996 0.3322252609375 0.46780273437500003 0.3443372390625 0.4631015625 0.3551959640625 0.4543251953125 0.36730729218749997 0.44993701093749994 0.38317773437499997 0.4502504890625 0.3969596359375 0.4505639640625 0.4119947921875 0.44648925781250004 0.42452408906250005 0.44116064374999997 0.44122981718750004 0.43833984375 0.45334114531249997 0.43332470624999997 0.4641998703125 0.423294921875 0.4771471359375 0.4192202140625 0.49301692656249996 0.4192202140625 0.50972265625 0.4211010734375 0.5193287765625 0.4198471671875 0.5365260421875 0.41514550781250004 0.5536490890625 0.4160859375 0.5686842453125001 0.413892090625 0.5849720046875 0.403548340625 0.6050188796875 0.39132470625 0.63425390625 0.38442919999999997 0.660982421875 0.3825483390625 0.6826998703125 0.3825483390625 0.7015677078125 0.3888168953125 0.71284375 0.399787109375 0.7245377609375 0.40793652343750003 0.7295494796875001 0.420787596875 0.732890625 0.4195336921875 0.7287141921875 0.4063696296875 0.7245377609375 0.3975932609375 0.7174381515625 0.38850341718750003 0.7069967453125 0.384115721875 0.6944680984375 0.38568261718749997 0.6744212234375 0.3888168953125 0.65312109375 0.3950859375 0.63391015625 0.4060561515625 0.6092688796875 0.4160859375 0.5904752609374999 0.4176533203125 0.5733522140625 0.41828027343749996 0.5553932296874999 0.42016064374999995 0.5424466140625 0.4229814453125 0.5360833328125 0.42423535156250003 0.5264778640625 0.42266796875 0.5126953125 0.42141455 0.5010013015625 0.4229814453125 0.48554882812500005 0.4289370109375 0.4742727859375 0.43865332031250004 0.46049023437500003 0.44084716718749994 0.4487962234375 0.4458623046875 0.4345970046875 0.4502504890625 0.41997916718750006 0.4543251953125 0.40452669218750004 0.4530712890625 0.3918990890625 0.4530712890625 0.3806223953125 0.45934033281250003 0.36433463593750004 0.4659223640625 0.35848762968750003 0.4712504875 0.34762890625 0.4790864265625 0.3367701828125 0.49225097656249994 0.3309231765625 0.5047880859375 0.3309231765625 0.5157583 0.32758203125 0.5223408203125001 0.3188118484375 0.5308032234375 0.3163059890625 0.5392661125 0.3133821609375 0.55619189375 0.31547070312500003 0.5728037109375 0.320482421875 0.586908690625 0.32674674531250003 0.5963115234374999 0.3342643234375 0.609476075 0.348046875 0.6163715812499999 0.3655872390625 0.6276552734374999 0.37686393281249997 0.6383120109375 0.3868873703125 0.6427001953125 0.3994166671875 0.6480283203125 0.40693424531250005 0.6596254890625 0.41695703125000005 0.6649541015625 0.42823372343750005 0.6621333 0.44243359375 0.658685059375 0.45663346406249994 0.6593120109374999 0.469580078125 0.6630732421875 0.48336197968750005 0.665267578125 0.4950559890625 0.6690288093750001 0.4923033859375 0.664013671875 0.470046875 0.6615063484375 0.4554296875 0.6671479484375 0.43914127656249996 0.6674614265625001 0.42285351562500006
2 0.5568188468749999 0.41575390624999997 0.55587841875 0.4019713546875 0.5555649421875 0.38568359375 0.5568188468749999 0.3719016921875 0.5590126953125 0.3468430984375 0.56402783125 0.333060546875 0.5706098640625 0.3259609375 0.58502783125 0.323037109375 0.5991323234375 0.328466796875 0.6138637703125001 0.33097265625 0.6251474609375001 0.3397428390625 0.632669921875 0.354802734375 0.6348642578125 0.3702552078125 0.6336103515625 0.3865436203125 0.6276552734374999 0.40366666718750005 0.6185654296875 0.4116015625 0.6091625984375 0.4053372390625 0.5981923828125 0.4007434890625 0.583773925 0.3957317703125 0.578132325 0.3978196609375 0.56935595625 0.4111842453125 0.5649677734375 0.41661328124999997 0.565908203125 0.424548828125 0.56246045 0.43290169218749996 0.560580078125 0.4479368484375 0.56246045 0.4600481765625 0.5712368171875 0.4809303390625 0.5784458 0.4994049484375 0.589416015625 0.51778125 0.602580078125 0.537828125 0.6160581046875 0.5532805984375 0.617625 0.5603802078125 0.6191923828125 0.574998046875 0.6220131828125 0.589615234375 0.6273417968749999 0.6059036453125 0.6254609375 0.6205208328125 0.623267090625 0.6401497390625 0.620759765625 0.6564381515625 0.6135502921875 0.669384765625 0.609476075 0.6810787765625 0.6047744140625 0.6990371093750001 0.605087890625 0.7157428390625 0.6075952140624999 0.7165781250000001 0.6066547859375 0.7027962234375 0.612923828125 0.6814960937500001 0.617625 0.669384765625 0.6251474609375001 0.6551848953125 0.626087890625 0.639314453125 0.6270283203125 0.6272031250000001 0.6301625984375 0.61216796875 0.62796875 0.5967154953125 0.622326659375 0.5816803390625 0.6220131828125 0.5687330734375 0.62169970625 0.5587096359375 0.6154311531250001 0.5478515625 0.6016401375 0.5330618484375 0.583773925 0.50173828125 0.5712368171875 0.47542708281249996 0.56402783125 0.45329231718749996 0.56402783125 0.44201562499999997 0.56653515625 0.43115690156250003 0.568729003125 0.41862760468750004 0.5753115234374999 0.40776953125000004 0.5806396484375 0.400251953125 0.5916098640625 0.4015045578125 0.6126103515625 0.4111106765625 0.619505859375 0.4165397140625 0.6264013671875001 0.4111106765625 0.6317299796875 0.40233984375 0.6358046875000001 0.39148112031250004 0.63737158125 0.37561067656249997 0.636431153125 0.355564453125 0.6323564453125 0.34303515625 0.620759765625 0.330505859375 0.603833984375 0.32507617187500004 0.5812666015625 0.3196471359375 0.56402783125 0.3246588546875 0.5571318359374999 0.3380234375 0.55587841875 0.355564453125 0.5539975578125 0.37728125 0.5524306640625001 0.3893932296875 0.551490234375 0.400251953125 0.55587841875 0.4278157546875 0.5568188468749999 0.44285091093749995 0.5539975578125 0.45036848906250004 0.558072265625 0.44958268281249997 0.5596396484375 0.4320416671875 0.5568188468749999 0.41575390624999997
2 0.34148828125 0.3309231765625 0.352771971875 0.3225703125 0.3634287109375 0.3066998703125 0.3762797859375 0.28874153593749996 0.38568261718749997 0.2787180984375 0.39383203125 0.2695299484375 0.40072753906249997 0.2666067703125 0.40793652343750003 0.26744205781249997 0.4160859375 0.2745416671875 0.42768310625000006 0.28331249999999997 0.437712890625 0.290412109375 0.443041503125 0.3016888015625 0.4502504890625 0.31045898437499997 0.4524443359375 0.32507617187500004 0.45213085937499997 0.3434524734375 0.44836962968750005 0.359814453125 0.44116064374999997 0.37693750000000004 0.43332470624999997 0.39280794218750004 0.424548828125 0.40742578125 0.41483203125 0.4086783859375 0.4019814453125 0.4111842453125 0.3919516609375 0.4149427078125 0.385369140625 0.42246028593749996 0.3794140625 0.44000130156250006 0.37816015625 0.45086002656249996 0.38599609375 0.4696536453125 0.3975932609375 0.48510677031249994 0.4107578125 0.5051536453125001 0.41859326250000006 0.523947265625 0.42141455 0.54148828125 0.42016064374999995 0.549005859375 0.41890673906250003 0.5594466140625001 0.4170263671875 0.5719759109375 0.40730957031250004 0.57615234375 0.397279784375 0.5865930984375 0.39038427656249997 0.5849225265625 0.38568261718749997 0.588263671875 0.38066796875 0.5999576828125 0.3819213875 0.60079296875 0.38850341718750003 0.5895169265625 0.393205078125 0.5903522140625 0.4004140625 0.5886816406250001 0.4057426765625 0.5857578125 0.4107578125 0.5790761718749999 0.4160859375 0.5778229171875 0.42141455 0.5715585937500001 0.42141455 0.5569407546875 0.423921875 0.543994140625 0.4229814453125 0.5281236984375 0.4195336921875 0.5147591140625 0.4135786140625 0.5059889328125 0.40730957031250004 0.4947122390625 0.40135449218749997 0.48301822968749997 0.3941455078125 0.473314453125 0.3847421875 0.4641263015625 0.38098095625 0.44909114531250005 0.38380224687500003 0.43781510468749996 0.3900708 0.423197265625 0.3963393546875 0.41651497343750005 0.4066831046875 0.4144270828125 0.4195336921875 0.41108593750000005 0.4264292 0.41108593750000005 0.4314443359375 0.4044036453125 0.437712890625 0.3893684890625 0.44366845625 0.3776744796875 0.449310059375 0.3622220046875 0.4530712890625 0.3496927078125 0.4549521484375 0.3300631515625 0.45401171875 0.3175345046875 0.44805664062500006 0.30500520781249996 0.4433549796875 0.293728515625 0.4364594734375 0.28662890625 0.4264292 0.279111328125 0.41483203125 0.2678346359375 0.4057426765625 0.2628235671875 0.399787109375 0.2624055984375 0.3894438484375 0.269087890625 0.3797275390625 0.2799466140625 0.35716015625 0.3100904953125 0.33710009687500003 0.33097265625 0.3289506828125 0.3372369796875 0.3229956046875 0.3500032546875 0.326443359375 0.3522233078125 0.33114501875 0.34261718750000003 0.34148828125 0.3309231765625
2 0.5094897453125 0.6705696609375 0.5072958984375 0.6772519531250001 0.50917626875 0.6797578125 0.512310546875 0.6747460937499999 0.513564453125 0.667228515625 0.5129374999999999 0.6563697921875 0.50917626875 0.6551165359375 0.5107436515625 0.662216796875 0.5094897453125 0.6705696609375
2 0.5051015624999999 0.6012408859375 0.50886279375 0.6091764328125 0.5126240234375 0.6166940109375 0.517639159375 0.6191998703125 0.526729003125 0.622123046875 0.54020654375 0.617111328125 0.534564453125 0.615796875 0.526729003125 0.6179466140625001 0.5141914062499999 0.6116822921875 0.507609375 0.5991529953125 0.5051015624999999 0.6012408859375
0 0.553125 0.546875 0.5546875 0.5609375 0.546875 0.5765625 0.5359375 0.584375 0.525 0.5859375 0.5203125 0.5890625 0.5171875 0.5890625 0.5171875 0.5828125 0.528125 0.5546875 0.5390625 0.5453125 0.5453125 0.54375 0.5515625 0.546875
0 0.5203125 0.6 0.525 0.6015625 0.5296875 0.6109375 0.528125 0.6265625 0.5234375 0.628125 0.5171875 0.6203125 0.5203125 0.6015625
0 0.4875 0.64375 0.4859375 0.6375 0.4890625 0.634375 0.5109375 0.6234375 0.51875 0.6234375 0.525 0.6296875 0.525 0.640625 0.51875 0.6515625 0.50625 0.6546875 0.496875 0.6515625 0.4890625 0.64375
0 0.5109375 0.603125 0.5140625 0.609375 0.5109375 0.6203125 0.4890625 0.6328125 0.484375 0.6328125 0.4765625 0.6234375 0.4765625 0.61875 0.4796875 0.6140625 0.484375 0.609375 0.4984375 0.60625 0.5015625 0.603125 0.509375 0.603125
0 0.45 0.603125 0.4578125 0.6015625 0.4625 0.6046875 0.484375 0.6328125 0.4828125 0.6375 0.4796875 0.6390625 0.4609375 0.6390625 0.453125 0.63125 0.446875 0.615625 0.446875 0.609375 0.45 0.6046875
0 0.284375 0.434375 0.2953125 0.428125 0.3109375 0.4265625 0.3203125 0.4203125 0.3109375 0.446875 0.3 0.45625 0.2859375 0.45625 0.28125 0.4515625 0.2796875 0.4421875 0.284375 0.4359375
0 0.328125 0.421875 0.3328125 0.428125 0.3328125 0.4390625 0.328125 0.440625 0.3265625 0.4375 0.328125 0.4234375
0 0.35625 0.4265625 0.3671875 0.4375 0.3703125 0.44375 0.3703125 0.4515625 0.3625 0.459375 0.353125 0.45625 0.3453125 0.45 0.3359375 0.4328125 0.334375 0.425 0.3359375 0.421875 0.3546875 0.4265625
0 0.5 0.496875 0.5078125 0.4921875 0.5125 0.4921875 0.5171875 0.503125 0.5171875 0.521875 0.5125 0.534375 0.50625 0.5421875 0.4953125 0.54375 0.490625 0.540625 0.4875 0.534375 0.4875 0.51875 0.4921875 0.50625 0.5 0.4984375
0 0.5046875 0.41875 0.5125 0.4265625 0.5171875 0.4421875 0.515625 0.459375 0.5109375 0.471875 0.50625 0.471875 0.5 0.4671875 0.490625 0.4515625 0.4890625 0.44375 0.4890625 0.43125 0.4921875 0.421875 0.4953125 0.41875 0.503125 0.41875
0 0.540625 0.4859375 0.5484375 0.4953125 0.5484375 0.5046875 0.5453125 0.5109375 0.540625 0.5109375 0.5296875 0.503125 0.528125 0.5046875 0.5296875 0.509375 0.525 0.5046875 0.5171875 0.4890625 0.51875 0.4828125 0.5390625 0.4859375
0 0.521875 0.4984375 0.5296875 0.5015625 0.5390625 0.509375 0.546875 0.5109375 0.5484375 0.5125 0.546875 0.51875 0.54375 0.5203125 0.534375 0.51875 0.521875 0.5046875 0.5203125 0.5
0 0.5671875 0.5171875 0.584375 0.515625 0.6 0.5234375 0.6 0.5296875 0.596875 0.5328125 0.584375 0.5328125 0.571875 0.5265625 0.5671875 0.51875
0 0.6234375 0.51875 0.6390625 0.5296875 0.646875 0.540625 0.6515625 0.54375 0.653125 0.55 0.6484375 0.553125 0.640625 0.553125 0.628125 0.546875 0.61875 0.534375 0.61875 0.5234375 0.621875 0.5203125
0 0.6640625 0.55625 0.6796875 0.5765625 0.6828125 0.5859375 0.68125 0.609375 0.675 0.609375 0.6703125 0.6046875 0.6640625 0.5859375 0.6640625 0.5578125