0 0.61376953125 0.4283854171875 0.6162109375 0.4186197921875 0.609375 0.4055989578125 0.58447265625 0.3958333328125 0.5888671875 0.41796875 0.5927734375 0.423828125 0.60498046875 0.431640625 0.61376953125 0.4283854171875
0 0.5673828125 0.4329427078125 0.57470703125 0.421875 0.5771484375 0.4134114578125 0.578125 0.3951822921875 0.57421875 0.40234375 0.556640625 0.41015625 0.55029296875 0.4205729171875 0.54931640625 0.4290364578125 0.55322265625 0.4361979171875 0.56103515625 0.4368489578125 0.5673828125 0.4329427078125
0 0.43359375 0.412109375 0.4521484375 0.3971354171875 0.423828125 0.392578125 0.41796875 0.3938802078125 0.4111328125 0.4010416671875 0.4111328125 0.4114583328125 0.41552734375 0.416015625 0.421875 0.4173177078125 0.43359375 0.412109375
0 0.61083984375 0.5514322921875 0.6083984375 0.5358072921875 0.60302734375 0.5130208328125 0.5986328125 0.5078125 0.59521484375 0.5104166671875 0.603515625 0.5442708328125 0.60546875 0.5690104171875 0.609375 0.5638020828125 0.61083984375 0.5514322921875
0 0.64453125 0.59765625 0.64599609375 0.5924479171875 0.64453125 0.5813802078125 0.63525390625 0.5709635421875 0.63330078125 0.5696614578125 0.6279296875 0.5755208328125 0.619140625 0.578125 0.6220703125 0.5983072921875 0.62939453125 0.60546875 0.63671875 0.6061197921875 0.64453125 0.59765625
0 0.6181640625 0.5533854171875 0.61181640625 0.5501302078125 0.609375 0.556640625 0.60888671875 0.5638020828125 0.6123046875 0.5657552078125 0.6162109375 0.5611979171875 0.6181640625 0.5533854171875
0 0.44569726562499995 0.3787200515625 0.4498720703125 0.3903118484375 0.45195996093749996 0.384748046875 0.4495244140625 0.372228515625 0.45300341875 0.3611002609375 0.4596142578125 0.3541451828125 0.466572753125 0.3481178390625 0.46378955 0.3434811203125 0.45439550781250004 0.3485813796875 0.446044921875 0.36480989531249997 0.44569726562499995 0.3787200515625
4 0.5789541015624999 0.37176497343750003 0.5719956046875 0.36202799531249996 0.56886376875 0.36573697968749996 0.5761704109375 0.3828932296875 0.5839990234375 0.399654296875 0.5873041984375 0.39587565156250004 0.5817373046875 0.38706640625 0.5789541015624999 0.37176497343750003
4 0.48605712968750003 0.4042220046875 0.4898842765625 0.3903118484375 0.485708984375 0.38845703125000003 0.48118603593750003 0.3995852859375 0.47422753906250004 0.40190364531249995 0.46483300781250003 0.395412109375 0.4547431640625 0.3912389328125 0.451264159375 0.398658203125 0.4585703125 0.3981940109375 0.4676166984375 0.40468554687499997 0.48118603593750003 0.40793164062500004 0.48605712968750003 0.4042220046875
4 0.6092236328125 0.56465234375 0.6057446296875 0.5697526046875 0.6033090828125001 0.5627975265625 0.59356689375 0.5799537765625 0.5834770515625001 0.5850540359374999 0.5765185546875 0.5790260421875 0.5709516609375 0.5794895828125 0.5740830078125 0.5892272140625 0.5873041984375 0.59247265625 0.5956547859375 0.5873723953125001 0.6036567374999999 0.5785625 0.610963378125 0.5767076828125 0.6165302734375 0.5799537765625 0.60783203125 0.5734622390624999 0.61235498125 0.5678977859375001 0.6092236328125 0.56465234375
2 0.4686606453125 0.5280221359375 0.44395751875 0.47238151093749997 0.4418701171875 0.45337109375000006 0.4422177734375 0.4111770828125 0.4387387703125 0.3643463546875 0.4526557609375 0.3369895828125 0.4693564453125 0.310560546875 0.49788623125000003 0.2836673171875 0.5232851562499999 0.2711484375 0.5347670890625 0.2720755203125 0.541377440625 0.26651171875 0.5528593749999999 0.2716119796875 0.56886376875 0.2785670578125 0.57860595625 0.300359375 0.5751269531250001 0.3202975265625 0.5639931640625 0.3369895828125 0.5632973625 0.3457994796875 0.5667763671875 0.366201171875 0.5699077156250001 0.3633346359375 0.5674721671875 0.3387604171875 0.5758227546875 0.32809570312499997 0.580693359375 0.30862174531250003 0.580693359375 0.2933203125 0.5733872078125 0.2798736984375 0.5622534171875 0.272455078125 0.5465966796874999 0.2627180984375 0.5312875984375001 0.2669752609375 0.5051928718750001 0.27578515625 0.486404784375 0.29015885468749997 0.46692089843750006 0.310560546875 0.4547431640625 0.32771614531250004 0.4352592765625 0.36063671875000003 0.43804248125 0.3898483078125 0.43943457031250005 0.4408522140625 0.4401303703125 0.4668177078125 0.4474370125 0.48814648437499997 0.4617016609375 0.5201399734375001 0.4770107421875 0.5451783859375 0.495798828125 0.5655794265625 0.5211977546875 0.5822721359374999 0.5483364265625 0.5933997390625 0.5615576171875001 0.5822721359374999 0.580345703125 0.5627975265625 0.590435546875 0.5502786453125 0.599829590625 0.5294134109375 0.607265671875 0.5156001875 0.601221190625 0.5182851562499999 0.5859125984375 0.5512057296874999 0.5490322265625001 0.5887630203125 0.520153809375 0.5790260421875 0.493711425 0.5595520828125 0.4686606453125 0.5280221359375
2 0.5361586921875 0.42045052031249996 0.5124995109375 0.418595703125 0.5118037109375 0.4236959640625 0.5410297859375001 0.4250872390625 0.560166015625 0.423232421875 0.57860595625 0.42833268281250003 0.6057446296875 0.4459524734375 0.621053221875 0.46032617187499997 0.6137470703125001 0.48768294218749997 0.6076032328125 0.5149731375 0.6113115234375 0.5080846359375 0.61757421875 0.48629166718750005 0.6234887687499999 0.458935546875 0.61687841875 0.4491979171875 0.5848686515625 0.42786914062500003 0.5573823250000001 0.4195234375 0.5361586921875 0.42045052031249996
2 0.49672314375 0.369693359375 0.5033232421875 0.3661100265625 0.51016796875 0.3641549484375 0.5157900390625 0.3622005203125 0.5216572265625 0.3586171875 0.5263017578125 0.3462376296875 0.533390625 0.344283203125 0.5453686515625 0.34167708281250003 0.552213378125 0.34265429687500004 0.5602802734375001 0.34004817656249997 0.5661469734375 0.331578125 0.5661469734375 0.3244114578125 0.559546875 0.3084485671875 0.5512353515624999 0.28825065156249996 0.5419462890625 0.277826171875 0.5299682625 0.2709850265625 0.5074790046875 0.27847786406249997 0.49330078125 0.27489453125 0.4891450203125 0.2752493484375 0.48694531249999995 0.2804615890625 0.48987841718749997 0.2853483078125 0.4984340828125 0.29968229218750003 0.49867871093750005 0.3065234375 0.49501171875 0.3185768234375 0.48425634687499997 0.3325852859375 0.47692285156249997 0.3505026046875 0.46787792968749997 0.3746536453125 0.46543359375 0.3909420578125 0.46225537031249997 0.40723046875 0.46372216718750003 0.4163522140625 0.4617666015625 0.42710286406250003 0.44807763749999996 0.43850455781250003 0.43781054687500004 0.44632291718749995 0.4275434578125 0.45805078125 0.4101875 0.47368750000000004 0.4013876953125 0.48802148437500004 0.40016503906249995 0.510173828125 0.39796533125 0.5333033859375 0.39772070312499996 0.5723958328125 0.399431640625 0.5916158859375 0.4104321296875 0.6118138015625 0.41605468749999996 0.6176777343750001 0.4260771484375 0.6196321609375001 0.4370771484375 0.6320117187500001 0.4451440421875 0.6346178390625 0.456388671875 0.6320117187500001 0.4683666984375 0.6258216140624999 0.47912255937500003 0.6235416671875 0.506990234375 0.6222239578125001 0.5311904296875001 0.623201171875 0.5495244140625 0.6205950515625 0.562724609375 0.613427734375 0.567857909375 0.6062610671875001 0.5739692375 0.5997454421875 0.5795917968750001 0.5916015625 0.5803251953124999 0.5808509109375 0.5754360359375 0.574009765625 0.5667763671875 0.5692682296875 0.5566865234375 0.5660221359375 0.5545991203125 0.5688046875 0.570255859375 0.5739049484375001 0.5765185546875 0.5780774734375 0.57860595625 0.5878151046875 0.5744306640625 0.5961608078125 0.5660805671875 0.6012610671874999 0.5639931640625 0.609607421875 0.5528593749999999 0.6170260421875 0.5351147453125 0.6202721359375001 0.516326659375 0.618880859375 0.5017138671875 0.6198079421875 0.48292578124999996 0.62119921875 0.4721396484375 0.62119921875 0.461005859375 0.6262994796875 0.445001465625 0.6313997390625 0.438390625 0.6272272140624999 0.42760498125 0.6174895828125 0.41925439375 0.6160989578125 0.40881689374999997 0.6040436203125 0.40290185625 0.591060546875 0.400118653125 0.5669498703125 0.400118653125 0.542375 0.4015102546875 0.5233645828125 0.40290185625 0.503890625 0.4053374015625 0.4904440109375 0.41090429687499996 0.4783255203125 0.42447363281249995 0.46766080781249997 0.4373466796875 0.45143229218750003 0.4540473625 0.4375221359375 0.461354003125 0.43334895781249994 0.465876953125 0.42407552031250006 0.46483300781250003 0.40923828125000006 0.4672685546875 0.389763671875 0.475619140625 0.3596256515625 0.4822294921875 0.3415423171875 0.490231934375 0.3331959640625 0.4947548828125 0.3299505203125 0.498234375 0.31604036406249997 0.5010180671875 0.3030572921875 0.49719042968749994 0.2951751296875 0.48884033281250006 0.2821920578125 0.491275878125 0.27662825468749996 0.505541015625 0.28080143281250003 0.52815625 0.2747734375 0.545552734375 0.2849739578125 0.5646889640625 0.3285592453125 0.560166015625 0.3355143234375 0.544856934375 0.3369055984375 0.5375502937500001 0.3387604171875 0.5211977546875 0.34432421875 0.510412109375 0.3610162765625 0.5024096671875 0.360552734375 0.497538575 0.3637981765625 0.491275878125 0.37121744843750004 0.4871005859375 0.3874459640625 0.490611815625 0.388587890625 0.49305615312500006 0.3752311203125 0.49672314375 0.369693359375
2 0.5588134765625 0.5590240890625 0.54561328125 0.5538118484375001 0.5329018546875 0.553486328125 0.516768065625 0.54566796875 0.5033232421875 0.534265625 0.456388671875 0.49387044218750004 0.4456328125 0.4834459640625 0.43927734375 0.4694375 0.4346328125 0.4573841140625 0.4268100578125 0.44630794218750003 0.412632325 0.4296940109375 0.40383203125 0.4182916671875 0.3999208984375 0.4052610671875 0.399431640625 0.393859375 0.4043208 0.3834348953125 0.4140986328125 0.3739876296875 0.428032715625 0.36910091093749997 0.4390327140625 0.36714648437499997 0.45125537187500003 0.36910091093749997 0.46396679687500003 0.373009765625 0.46983349687500003 0.3805026046875 0.47350048906250003 0.3964654953125 0.47765576093749995 0.41148046875000005 0.48670068437499997 0.4183216140625 0.49281201250000006 0.41766992187499996 0.504056640625 0.40952604218750005 0.5184790046875001 0.40398762968749996 0.527768065625 0.40333593749999996 0.5377905281250001 0.4056165359375 0.54903564375 0.4056165359375 0.5637026359374999 0.4062682296875 0.58105859375 0.4124576828125 0.5910810546875 0.4219049484375 0.60134765625 0.4375416671875 0.6113701171875 0.4567623703125 0.6238374015625 0.4847786453125 0.6235927734375 0.4961803390625 0.6282373046874999 0.5167037765625 0.6370375984375001 0.5401595046875001 0.639481934375 0.5577506515625 0.6426601562500001 0.5707819015625 0.65366015625 0.5948886718749999 0.6622158203125 0.6176927078125 0.6712607421875 0.6365872390625 0.68152734375 0.645708984375 0.6898388671875 0.648640625 0.6715048828125 0.6317005203125 0.6661274421875001 0.6222532546874999 0.6634379874999999 0.610525390625 0.654882325 0.5909348953125 0.6436376953125 0.5648736984375 0.640704590625 0.5479335937500001 0.6345932609375 0.527083984375 0.6275039062500001 0.5026516921875 0.6267705078125 0.489294921875 0.6262817375 0.48180208281250003 0.6221259765625 0.471703125 0.6113701171875 0.45313476562500005 0.6008588875 0.43065625 0.585703125 0.41241341093750006 0.570546875 0.40557226562500004 0.553680175 0.4026399734375 0.5373017578125 0.4026399734375 0.5265458984375 0.40003385468749997 0.5140791015625 0.40231445312499997 0.501367675 0.4081783859375 0.48865625 0.4153450515625 0.481322753125 0.41241341093750006 0.475944825 0.39938281249999996 0.472767090625 0.3808138015625 0.468611328125 0.37234375000000003 0.4615224609375 0.3684342453125 0.445388671875 0.3638736984375 0.4321879875 0.3664798171875 0.41898779218750004 0.36876041718749997 0.40798779375 0.3759270828125 0.3991875 0.38635156249999997 0.396742675 0.3997083328125 0.39869872968750003 0.41045898437500006 0.4045654296875 0.42348958281250004 0.42949902343749996 0.4534602859375 0.438299315625 0.47658984374999996 0.4270546875 0.482779296875 0.420943359375 0.4814765625 0.41605468749999996 0.47658984374999996 0.3984541015625 0.47887044218749997 0.394298340625 0.4749609375 0.3898984375 0.4674680984375 0.3857426765625 0.4664908859375 0.37596484375 0.4580208328125 0.37205322343749997 0.46062695312499996 0.386720215625 0.4690970046875 0.39796533125 0.4824537765625 0.4013876953125 0.4814765625 0.412632325 0.4795221359375 0.4211879890625 0.4857115890625 0.425587890625 0.48636328124999995 0.4400107421875 0.47821875 0.441966309375 0.484408203125 0.4615224609375 0.502 0.48938964843750005 0.5267584640625 0.5138344734375 0.5463046874999999 0.5294794921875 0.5557519531249999 0.5453686515625 0.5567291671875 0.5615024421875 0.5648736984375 0.570546875 0.5775546874999999 0.5751918953125 0.5775930984375 0.567369140625 0.5678203125 0.5588134765625 0.5590240890625