1 0.5879629629629629 0.3263888888888889 0.5902777777777778 0.3287037037037037 0.5972222222222222 0.3287037037037037 0.6018518518518519 0.3333333333333333 0.6087962962962963 0.33564814814814814 0.6087962962962963 0.3402777777777778 0.6134259259259259 0.3449074074074074 0.6018518518518519 0.3425925925925926 0.5879629629629629 0.3333333333333333 0.5810185185185185 0.3333333333333333 0.5763888888888888 0.3287037037037037 0.5787037037037037 0.3263888888888889 0.5856481481481481 0.3263888888888889
9 0.5740740740740741 0.3101851851851852 0.5787037037037037 0.3101851851851852 0.5810185185185185 0.30787037037037035 0.5972222222222222 0.30787037037037035 0.5972222222222222 0.3101851851851852 0.6064814814814815 0.31712962962962965 0.6064814814814815 0.32175925925925924 0.5925925925925926 0.32175925925925924 0.5763888888888888 0.3125
8 0.6527777777777778 0.33101851851851855 0.6643518518518519 0.33796296296296297 0.6666666666666666 0.3425925925925926 0.6620370370370371 0.3472222222222222 0.6550925925925926 0.3449074074074074 0.6504629629629629 0.3402777777777778 0.6458333333333334 0.3402777777777778 0.6412037037037037 0.3449074074074074 0.6365740740740741 0.3449074074074074 0.6273148148148148 0.35185185185185186 0.6273148148148148 0.3425925925925926 0.6342592592592593 0.3333333333333333 0.6388888888888888 0.33101851851851855 0.6504629629629629 0.33101851851851855
10 0.5578703703703703 0.25925925925925924 0.5671296296296297 0.2708333333333333 0.5671296296296297 0.2800925925925926 0.5717592592592593 0.28935185185185186 0.5717592592592593 0.2916666666666667 0.5694444444444444 0.28935185185185186 0.5601851851851852 0.27546296296296297 0.5578703703703703 0.26157407407407407
11 0.5208333333333334 0.1412037037037037 0.5231481481481481 0.14351851851851852 0.5231481481481481 0.14814814814814814 0.5162037037037037 0.1574074074074074 0.5 0.1597222222222222 0.4976851851851852 0.16203703703703703 0.4976851851851852 0.1527777777777778 0.5 0.14814814814814814 0.5069444444444444 0.1412037037037037 0.5185185185185185 0.1412037037037037
12 0.4722222222222222 0.1527777777777778 0.47685185185185186 0.1597222222222222 0.47685185185185186 0.16666666666666666 0.47453703703703703 0.16898148148148148 0.44675925925925924 0.16666666666666666 0.4444444444444444 0.16435185185185186 0.4444444444444444 0.1574074074074074 0.4513888888888889 0.15046296296296297 0.4652777777777778 0.14814814814814814 0.4699074074074074 0.1527777777777778
13 0.6178243888888888 0.3490481805555556 0.6211997824074075 0.3464728125 0.6235181851851851 0.33910694907407407 0.6220750949074074 0.334757775462963 0.6171515648148147 0.3343899050925926 0.6137076782407407 0.3426146365740741 0.6178243888888888 0.3490481805555556
24 0.6232776666666666 0.3565238958333334 0.6096310462962963 0.34984912962962966 0.6165974328703704 0.36073694444444443 0.6139730601851852 0.40059369212962964 0.6059928078703704 0.4080079976851852 0.6084208194444444 0.41337306481481484 0.6174564976851852 0.40603761574074076 0.6197719027777778 0.3892465277777778 0.6212409004629629 0.3648531064814815 0.6232776666666666 0.3565238958333334
25 0.5348220763888889 0.3239977962962963 0.5354919074074074 0.32923084259259255 0.5465704884259259 0.3324146898148148 0.5681673611111111 0.31315267592592594 0.5730787916666666 0.30894983101851853 0.5693152453703704 0.3072548425925926 0.5700870347222222 0.3016580324074074 0.5664985509259259 0.29762004166666667 0.5621417638888889 0.308604125 0.5475888726851852 0.3282500856481481 0.5348220763888889 0.3239977962962963
26 0.48684023379629626 0.2136162800925926 0.48233836574074074 0.21233761111111113 0.4762914050925926 0.2175402777777778 0.48128646990740737 0.22168336805555555 0.48455632870370374 0.22051389583333336 0.4908504259259259 0.21674282407407408 0.4919022731481481 0.2073977199074074 0.48721572916666667 0.18018828935185185 0.49316712268518514 0.16679943518518517 0.48914446064814815 0.16383978472222221 0.48324061805555557 0.1765922361111111 0.4789127777777778 0.16825830555555557 0.47613562731481485 0.1722921527777778 0.4835957939814815 0.18604312268518516 0.48652057638888885 0.20369656944444442 0.48684023379629626 0.2136162800925926
19 0.4565103125 0.5106829305555556 0.4392112268518518 0.519757048611111 0.41420999305555556 0.5277842060185185 0.4046795439814815 0.527543599537037 0.4074597384259259 0.5329343263888889 0.44627966435185185 0.5198137037037037 0.4719461712962963 0.5028827268518519 0.4828348703703704 0.49191586111111113 0.47982860648148146 0.4916912407407408 0.47352629398148144 0.4959325277777778 0.4565103125 0.5106829305555556
19 0.46036320833333333 0.46384905787037034 0.450724724537037 0.4555891597222222 0.4354243842592592 0.4473777013888889 0.42522106712962965 0.4324794675925926 0.4185712962962963 0.4220867893518519 0.41649135416666666 0.40732403009259255 0.42700384027777777 0.37548408101851855 0.4370883703703704 0.34937830324074076 0.43775207175925923 0.33576284722222227 0.4368305925925926 0.3149606875 0.4486768842592593 0.29841089351851857 0.4615776226851852 0.28193988194444447 0.46572127777777783 0.26434308796296296 0.47014395601851855 0.23828574537037037 0.4804781805555556 0.22303610185185185 0.4764314837962963 0.2156654837962963 0.4696142060185185 0.2311779050925926 0.46353530324074077 0.2462733611111111 0.46311972453703704 0.26603331481481485 0.4549241712962963 0.28579446296296296 0.4436035532407407 0.29531527314814815 0.4351326087962963 0.3092903541666666 0.4339422013888889 0.3252225439814815 0.4353903888888889 0.3437079675925926 0.427484224537037 0.36432203009259256 0.4176833287037037 0.3961034814814815 0.41343262268518516 0.4103938842592592 0.41473773842592593 0.4213288773148148 0.42349938888888894 0.436591525462963 0.4368324884259259 0.4521950879629629 0.45062119444444443 0.4617073819444445 0.4606113287037037 0.4699935578703704 0.46107307175925927 0.48275079861111114 0.4717665439814815 0.49108886805555557 0.47982860648148146 0.4916912407407408 0.48171859953703705 0.49041932870370375 0.4830366273148148 0.4888148680555556 0.4747547731481482 0.48895605555555555 0.4643429305555556 0.48158132870370374 0.4633549699074074 0.47114085648148146 0.46036320833333333 0.46384905787037034
19 0.5299274212962962 0.4747011689814815 0.5451516643518518 0.4650005462962963 0.5501066481481481 0.4554755902777778 0.5538656296296296 0.443033712962963 0.5566392523148148 0.42957524999999996 0.5511844027777778 0.4173878935185185 0.5459031412037038 0.39814459490740745 0.543681650462963 0.38054369444444447 0.5455769166666667 0.3693756921296296 0.5461005810185185 0.35763438425925925 0.5449710185185185 0.3443564189814815 0.5468297337962963 0.3289449907407407 0.5502020393518519 0.3169456921296296 0.5556472268518519 0.3008599282407407 0.5549759259259259 0.29091394444444446 0.5499762476851852 0.27263464120370373 0.5458230324074074 0.2619570162037037 0.5265855578703703 0.25910652083333335 0.517055162037037 0.2588652638888889 0.5074932592592593 0.26851748148148147 0.4950486736111111 0.28360944675925925 0.4868948796296296 0.29807904629629633 0.4803608055555556 0.31926645138888887 0.47586654166666664 0.341549224537037 0.4759081435185185 0.3599295532407407 0.4800644490740741 0.3800311041666667 0.49072744907407406 0.4029749050925926 0.5023408310185185 0.42740349537037037 0.5089236273148148 0.4481578240740741 0.5094188796296296 0.4557339166666666 0.4992247361111111 0.4691087638888889 0.4830366273148148 0.4888148680555556 0.48596329398148147 0.48876497685185183 0.4828348703703704 0.49191586111111113 0.48688878009259257 0.4922187569444444 0.5038377384259259 0.4878306550925926 0.5154049513888889 0.479742050925926 0.5299274212962962 0.4747011689814815
18 0.4086340740740741 0.3373571064814815 0.3946038148148148 0.34054950231481484 0.3788483032407407 0.33842999305555554 0.3695949259259259 0.32501586574074076 0.3626965023148148 0.30847930324074074 0.3574152430555555 0.2892360046296296 0.35305193055555556 0.2813702523148148 0.34643818055555553 0.2752216111111111 0.33212477083333336 0.27273837500000003 0.31893887037037033 0.2788214236111111 0.3068144745370371 0.303832488425926 0.2977518587962963 0.335198275462963 0.2953329699074074 0.3581069421296296 0.29790714583333333 0.38044636574074076 0.3004102685185185 0.3990106111111111 0.30780124537037035 0.44208343055555555 0.31438761805555554 0.472261724537037 0.31699574305555556 0.48942068518518517 0.32421029166666665 0.5064523472222222 0.33142228935185186 0.5140594675925926 0.3386673101851852 0.5164854027777778 0.3475979421296296 0.5105558912037037 0.3587434976851852 0.5033780856481481 0.3747060601851852 0.49326114814814814 0.3865213958333333 0.4913170416666667 0.39352334490740737 0.5017353819444444 0.39774662499999996 0.5114752824074075 0.3968028171296296 0.5288396805555555 0.38995055787037036 0.5448203148148149 0.3809894583333333 0.5653555532407407 0.367340625 0.5776409884259259 0.37106918518518517 0.5798041805555555 0.38305653935185185 0.5660924907407408 0.38948713888888886 0.5510226574074074 0.3970777222222222 0.5346257152777778 0.3990779884259259 0.5220524282407407 0.4009381712962963 0.5113539351851851 0.39777031944444446 0.5016928912037036 0.39375865509259256 0.49385341203703703 0.38594841203703706 0.4847878078703704 0.37645452083333336 0.4887906273148148 0.3635506875 0.49583771064814813 0.34987311111111113 0.5037686365740741 0.3412946111111111 0.5097244583333334 0.3352110972222222 0.5106836990740741 0.3289140069444444 0.5050295462962963 0.32173748148148146 0.49695425 0.31920089583333333 0.4835705023148148 0.31472792592592597 0.46297446527777775 0.3095501944444444 0.43761294444444443 0.3044456759259259 0.3970670509259259 0.2997611388888889 0.3745699444444444 0.2986280462962963 0.3518673680555555 0.3021024027777778 0.3290369097222222 0.3113065763888889 0.3005092662037037 0.3211125208333333 0.2828647175925926 0.3293043888888889 0.2773508333333333 0.343618287037037 0.2798341064814815 0.35223686574074076 0.28754632407407404 0.35881813888888886 0.30358836342592593 0.3618129421296296 0.32030473842592594 0.37338780787037035 0.33577692824074074 0.38446839814814815 0.34367309953703706 0.40722076388888884 0.34207469444444444 0.41861291435185183 0.33632909953703705 0.42694534953703706 0.3289404560185185 0.4430144328703704 0.3221305231481481 0.45605825 0.3132099421296296 0.4707923333333333 0.31006947916666666 0.4962533055555556 0.31008724074074073 0.5197124884259259 0.3179659976851852 0.5344861203703704 0.32849418750000003 0.5356228935185186 0.32274506712962964 0.5209142337962963 0.31134733796296293 0.4941496689814815 0.3051068726851852 0.48300107407407405 0.30286010185185186 0.4708340439814815 0.3047785810185185 0.45775318981481483 0.3094556990740741 0.4379225694444444 0.3192829745370371 0.42361171527777775 0.32622427546296295 0.4086340740740741 0.3373571064814815
19 0.5769959837962964 0.4269110555555556 0.5639186597222222 0.4410127847222223 0.557979738425926 0.45423474305555556 0.5484874166666667 0.4629492037037037 0.5379401064814815 0.4715854884259259 0.5306281111111111 0.4795212037037037 0.5228244398148149 0.4893047916666667 0.5130534791666667 0.5064811273148148 0.501557800925926 0.5183449467592592 0.49315740509259265 0.5313823402777778 0.48770868981481486 0.5380434907407408 0.48496961574074077 0.5510330578703704 0.48381419212962967 0.5664970347222222 0.48645739120370374 0.5831864861111111 0.49300412499999996 0.599697423611111 0.5004987847222222 0.6129801435185185 0.5126693402777778 0.6204862777777778 0.5261394305555556 0.6247911111111111 0.536971363425926 0.6265433981481481 0.5483990324074074 0.6203289791666667 0.564361599537037 0.6102120416666666 0.5723753148148147 0.5976172384259258 0.5812694421296296 0.5874436481481481 0.5901646041666667 0.5819823078703704 0.597263462962963 0.5674338865740741 0.6007058310185185 0.5544968680555555 0.6012644814814815 0.5422873449074074 0.5994311851851852 0.5289561458333333 0.5992134861111111 0.5082065717592593 0.6012487847222223 0.4951644236111111 0.5993109305555556 0.48323919675925925 0.5971259421296297 0.46988237499999996 0.5964984375 0.45461756712962964 0.5967034814814816 0.43766879629629635 0.5935355787037038 0.4280084050925926 0.5905773912037037 0.42287367129629627 0.5868243148148148 0.4251632800925926 0.5839293125 0.42048441203703707 0.5769959837962964 0.4269110555555556
19 0.5713627199074074 0.37451778935185187 0.5689676874999999 0.3639721851851852 0.5599578657407408 0.3425656921296297 0.5506329513888889 0.3253763518518518 0.540499699074074 0.3095403958333333 0.5287493287037037 0.2964105231481482 0.521044087962963 0.2859396388888889 0.5108088773148148 0.2809335439814815 0.5016290439814814 0.27600695833333333 0.49803752083333336 0.26254438888888887 0.4908589861111111 0.24975676851851852 0.48350744444444443 0.2440238287037037 0.47390546296296293 0.24000800462962962 0.46342312037037037 0.23357031712962964 0.4519579097222222 0.2308284074074074 0.4456277986111111 0.23035544212962963 0.4368387175925926 0.23912309722222222 0.4272768171296296 0.2487753148148148 0.4191575162037037 0.2627766689814815 0.4116369976851852 0.2782358888888889 0.4064714305555555 0.29057267824074073 0.40127083564814814 0.3033783217592593 0.39663246296296295 0.31339841435185184 0.39361327777777777 0.3301369212962963 0.3943200972222222 0.3396140787037037 0.3973799143518519 0.34125583101851853 0.3970571666666667 0.32191218981481484 0.4037343634259259 0.30827456712962964 0.40939160416666664 0.2940899097222222 0.4187373773148148 0.2683997546296296 0.4290365671296296 0.253618974537037 0.43715733796296297 0.2443305578703704 0.4470708842592593 0.23470461574074072 0.45790286574074074 0.23645625231481482 0.46912348611111115 0.24247827777777775 0.48449388888888884 0.2497520138888889 0.492902375 0.2602760972222222 0.49719719212962965 0.273791212962963 0.5039520555555556 0.28277731018518515 0.5122092222222222 0.2858613611111111 0.5233593356481481 0.2928204212962963 0.5318394074074074 0.30711907407407407 0.5454195439814815 0.324155525462963 0.554884537037037 0.33947007175925925 0.5646326319444445 0.3604609050925926 0.568472324074074 0.3800673217592593 0.575157125 0.38999113888888887 0.5795940277777778 0.4063437847222222 0.5832200486111111 0.41933810416666667 0.5839293125 0.42048441203703707 0.5868749861111111 0.41775400925925926 0.5874658356481481 0.41747272916666667 0.5844573125 0.41225062037037036 0.5803725439814814 0.3959242847222222 0.5788573819444444 0.38780050925925924 0.5713627199074074 0.37451778935185187