1 0.32693745138888886 0.3417534722222222 0.3244900185185185 0.3353298611111111 0.31819058564814817 0.33486689814814813 0.2981770833333333 0.3419560185185185 0.29300491898148145 0.3460069444444444 0.2912024976851852 0.3506076388888889 0.29428288888888887 0.35506365740740736 0.3245924953703704 0.34052372685185184 0.32693745138888886 0.3417534722222222
8 0.3329173888888889 0.31364293981481484 0.3383005393518519 0.3264756944444444 0.3436173796296296 0.3204716435185185 0.3450701666666667 0.3074363425925926 0.33828245601851853 0.3069878472222222 0.3329173888888889 0.31364293981481484
9 0.3852539074074074 0.304296875 0.3792920532407407 0.29927662037037034 0.36191285879629626 0.3036892361111111 0.3550829467592593 0.3103877314814815 0.34840977083333335 0.328125 0.3733060856481481 0.3208912037037037 0.38521170833333335 0.31144386574074073 0.3852539074074074 0.304296875
10 0.23823302546296296 0.6250144675925926 0.2402645162037037 0.6041666666666666 0.23537567592592593 0.5978153935185185 0.22653838657407407 0.5987268518518518 0.22019675925925927 0.6054108796296297 0.21605541203703704 0.6152777777777778 0.21381896296296296 0.6257378472222223 0.22019675925925927 0.6580295138888889 0.23823302546296296 0.6250144675925926
11 0.21569975 0.6529658564814815 0.2140842013888889 0.6484664351851852 0.20666353009259258 0.6499855324074074 0.20027367824074074 0.6573206018518518 0.20023148148148148 0.6644675925925926 0.20384837962962962 0.6682581018518519 0.21366222916666666 0.6673177083333334 0.21569975 0.6529658564814815
12 0.20717592592592593 0.6759548611111111 0.21875 0.6775607638888889 0.21806278935185186 0.6736834490740741 0.2154224537037037 0.6698640046296297 0.2051685462962963 0.670167824074074 0.18174913194444445 0.6903501157407407 0.17872902314814815 0.6982349537037037 0.18570963425925927 0.6960792824074075 0.19692804861111113 0.6827546296296296 0.20717592592592593 0.6759548611111111
13 0.26319565046296295 0.6892361111111112 0.26463638194444444 0.6632089120370371 0.25751711805555555 0.6738136574074074 0.25490089814814815 0.6959780092592593 0.25687210648148145 0.715407986111111 0.2601996527777778 0.7231047453703704 0.2640576782407407 0.7236400462962963 0.2677589699074074 0.713136574074074 0.26319565046296295 0.6892361111111112
14 0.26189356712962963 0.6541956018518519 0.24441189351851852 0.6534143518518518 0.23347680324074074 0.6563368055555556 0.22557388194444444 0.6643663194444445 0.22245731944444444 0.6735532407407407 0.24047550231481482 0.6736689814814815 0.26145953935185184 0.6600549768518519 0.26189356712962963 0.6541956018518519
15 0.24200209027777778 0.6518695162037038 0.2206443009259259 0.6382673773148149 0.23237067592592592 0.6557141203703704 0.24200209027777778 0.6518695162037038
24 0.32600580555555553 0.34093268055555553 0.3373805462962963 0.3536288333333333 0.3374709560185185 0.3719692708333333 0.3384661574074074 0.3878689398148148 0.34493364120370373 0.39346925694444446 0.3527044444444445 0.39613563425925924 0.35356941435185185 0.3893520833333333 0.3422757337962963 0.38534210185185186 0.34100594907407406 0.3486947916666666 0.3512954814814815 0.32958557638888886 0.3463966828703704 0.32970928935185184 0.33987190046296295 0.33955651157407407 0.3404044537037037 0.32747352314814815 0.33698960648148146 0.3246780810185185 0.33584733796296296 0.3449856898148148 0.32698269907407407 0.3375250995370371 0.32600580555555553 0.34093268055555553
25 0.22988912962962965 0.6898793263888889 0.23668352777777776 0.6959532708333334 0.24393886342592594 0.6909110231481482 0.2547076759259259 0.6775587662037036 0.25451912037037033 0.6703237708333333 0.24755983564814812 0.6811498425925926 0.2366024675925926 0.687267099537037 0.2318787986111111 0.6825797893518518 0.22159292592592592 0.6698513749999999 0.22292321296296297 0.6567794282407408 0.21715093981481481 0.6564677939814815 0.21814219675925928 0.6675403078703703 0.21570375694444444 0.6613372986111111 0.21211413657407407 0.6657882685185186 0.2169095185185185 0.6695074791666668 0.2214540300925926 0.676613412037037 0.22988912962962965 0.6898793263888889
26 0.25664271527777777 0.6514357199074075 0.26263445601851854 0.6536715 0.2611558263888889 0.6638525185185186 0.26573174074074074 0.6656475833333333 0.26691924074074075 0.6545098657407408 0.2865432939814815 0.6389645856481481 0.29137888657407407 0.6470278657407407 0.29434992824074074 0.641147238425926 0.2900562847222222 0.630654587962963 0.28424818055555556 0.6308266782407408 0.26695010416666665 0.6491996666666666 0.25664271527777777 0.6514357199074075
17 0.4162915833333333 0.45700286342592594 0.42564082407407405 0.4774822777777778 0.42958063194444446 0.49763865740740737 0.43026762037037036 0.5323732337962963 0.4290944861111111 0.5579910439814815 0.4188416759259259 0.5790512592592593 0.41363014814814814 0.5956174930555556 0.40982057175925923 0.5981443287037037 0.4043399166666667 0.5987893796296296 0.4082300162037037 0.6049493773148148 0.4141456643518518 0.603325462962963 0.4204460601851852 0.5867269675925926 0.4294263657407407 0.5632911458333334 0.432442587962963 0.5665810625000001 0.4383317523148148 0.5750951412037038 0.4491143958333333 0.5762236412037037 0.460663375 0.5816740462962963 0.4700660208333333 0.5818781111111111 0.47994786342592594 0.5902738865740741 0.4876166273148148 0.5992178958333333 0.49512721296296297 0.5956167245370371 0.5070753518518519 0.6005719907407406 0.5120189768518518 0.6071834351851852 0.5243656944444445 0.6116448773148149 0.5377301018518519 0.6170414930555554 0.5388503703703703 0.6116983634259259 0.5264315023148148 0.6082043842592593 0.5157921851851852 0.6051409884259259 0.5106290949074074 0.5966053958333334 0.5052201018518518 0.5962829999999999 0.494687837962963 0.5917677962962963 0.48797499074074074 0.5943800046296296 0.4826685231481481 0.587779962962963 0.47154908333333334 0.5765242314814815 0.4604031574074074 0.5754064953703704 0.4503421574074074 0.5694293402777778 0.43945202083333335 0.5697520115740741 0.4342172662037037 0.5621838680555555 0.4329707569444444 0.5496702847222222 0.43307653935185186 0.5091202685185185 0.43290998842592593 0.48692078935185185 0.4255597638888889 0.46879610648148146 0.41370041898148147 0.4430811342592592 0.4049244791666667 0.41486213888888884 0.3898387962962963 0.39358736805555555 0.3668164421296296 0.38654626851851853 0.35520023148148144 0.3868904513888889 0.3539008078703704 0.39465219907407406 0.36424456250000004 0.3919317546296296 0.376443474537037 0.3935016041666667 0.388176087962963 0.40135987962962966 0.3999141597222222 0.4140446180555556 0.40418137037037033 0.43467460879629627 0.4162915833333333 0.45700286342592594
18 0.3432955069444445 0.5769457037037037 0.3541001527777778 0.5631097199074074 0.3656259537037037 0.544425099537037 0.3730201342592593 0.5326214699074074 0.38214824305555556 0.5120772430555556 0.3889597268518518 0.4983595763888889 0.40357341203703706 0.4819974236111111 0.4238429652777778 0.45774444675925924 0.4208576087962963 0.4491443287037037 0.3972888263888889 0.43970610648148145 0.3820378148148148 0.4353307152777778 0.3703405439814815 0.4269887291666667 0.3617576365740741 0.4108312199074074 0.3508084444444445 0.3875032407407407 0.35002778935185186 0.3687005949074074 0.35454907407407404 0.35167215046296296 0.36589124074074075 0.3305796574074074 0.3758264375 0.31870073842592594 0.38134341203703703 0.31757194675925926 0.38621488657407405 0.3251508518518519 0.39635743518518524 0.33981416203703707 0.41071261342592597 0.35628330324074076 0.42557839120370367 0.37563328935185186 0.4328121643518518 0.38555616435185186 0.4357970324074074 0.39415629166666666 0.4383165324074074 0.4090454722222222 0.43851891666666665 0.4307612245370371 0.440603474537037 0.4466286180555556 0.44766256712962965 0.463796599537037 0.45993441203703705 0.5034972083333333 0.4736803611111111 0.5281909583333333 0.4905578101851852 0.5252769259259259 0.5140773703703704 0.52071875 0.5395730185185185 0.5334791666666666 0.5464704814814815 0.5332747962962963 0.5593861157407407 0.5251688657407407 0.5736459166666666 0.5184710949074074 0.5875792476851852 0.5113003310185186 0.5914958287037037 0.507322337962963 0.5622854953703703 0.5202556851851852 0.5548460833333334 0.5228894236111111 0.5445072939814815 0.5304363449074074 0.5255860879629629 0.521825738425926 0.5140366203703703 0.5163753472222222 0.5048897615740741 0.5176116898148148 0.48616154166666664 0.521063224537037 0.47509224768518515 0.5238045138888888 0.4696375393518519 0.5143122407407407 0.4618523703703704 0.4971657685185185 0.4514765740740741 0.46609690277777777 0.4432519814814815 0.4451021574074074 0.44097887268518515 0.4219997685185185 0.440633162037037 0.4022189074074074 0.4372039513888889 0.384943375 0.4211368935185185 0.3622496967592593 0.40572872685185185 0.3453284421296296 0.3942106111111111 0.33456783796296297 0.3886439768518518 0.3216995949074074 0.38210040046296295 0.3122395833333333 0.37194076620370375 0.31736788425925927 0.3594694722222222 0.3341492199074074 0.349543625 0.3556824074074074 0.3483203425925926 0.36730319907407405 0.34728605324074074 0.3861596203703704 0.3511045416666667 0.39328641435185185 0.35598093287037036 0.4056924490740741 0.3647115949074074 0.4247422037037037 0.37190958333333335 0.4351481481481482 0.3849107106481482 0.4405555277777778 0.40408322453703704 0.4457800486111111 0.41813743518518515 0.45163823842592593 0.42035592129629634 0.4559171157407408 0.4099862199074074 0.4687748842592593 0.39450313425925926 0.4870934467592593 0.38329986574074076 0.5014239004629629 0.3777250555555555 0.5180008958333333 0.36025722222222223 0.548446125 0.3469877013888889 0.5662164351851852 0.3392306782407407 0.5780314675925926 0.33482628703703704 0.6032623541666666 0.33484011574074074 0.6177431134259259 0.33082051620370373 0.6279987708333334 0.3233457152777778 0.6311168680555556 0.30110406481481483 0.6428777615740741 0.2793326990740741 0.653176736111111 0.2669953333333333 0.6583695601851852 0.2556438194444444 0.6698077824074075 0.2555626087962963 0.6757976712962963 0.2653689490740741 0.6656583333333332 0.28528905092592594 0.6558968773148147 0.3055007708333334 0.6470920995370371 0.3225524560185185 0.6369323217592593 0.3372068912037037 0.6249135717592593 0.3396795 0.591533363425926 0.3432955069444445 0.5769457037037037
19 0.39949156018518517 0.5519739236111111 0.4059821620370371 0.5326101412037038 0.42220071990740743 0.5239236851851852 0.4318940046296297 0.525084462962963 0.4433265810185186 0.5223324074074074 0.4605673101851852 0.5194076111111111 0.4740028912037037 0.5238367916666666 0.4809902777777778 0.5419728726851852 0.4836889814814815 0.5544427824074074 0.4876193449074074 0.5649461967592593 0.5000426898148148 0.5732666689814815 0.5086117685185185 0.5749434189814815 0.5221818148148148 0.5677834212962963 0.5342589166666666 0.5563236967592593 0.5415456527777778 0.5459705879629629 0.5451258726851852 0.5318660023148148 0.5456947453703703 0.519299275462963 0.5416514328703703 0.505420574074074 0.5319487962962963 0.494605525462963 0.5199289953703704 0.49061770833333335 0.5027241458333334 0.49305812962962964 0.48421096064814817 0.4936066689814815 0.4704165277777778 0.49401539351851853 0.46014940046296293 0.500594863425926 0.4513658263888889 0.5018204421296296 0.44051594907407404 0.5064865324074074 0.4208153148148148 0.5181721342592592 0.41261891666666667 0.5261382361111111 0.3994072337962963 0.5284603425925926 0.39425845833333334 0.5344054976851852 0.39470723148148146 0.5479080439814815 0.3952768310185185 0.5509689537037037 0.3983565300925926 0.5471503032407408 0.39864202546296296 0.5462936203703703 0.39949156018518517 0.5519739236111111
19 0.40025805324074076 0.6196661018518519 0.3933529074074074 0.6493156967592593 0.38566754629629635 0.6601632800925926 0.3755531435185185 0.6744614722222222 0.3617995092592593 0.679212949074074 0.34869531712962964 0.6800838842592593 0.3379077569444444 0.6741282546296297 0.32352166435185187 0.6629699652777779 0.30997362037037035 0.6551654814814816 0.30107762962962964 0.6530151041666667 0.2940991087962963 0.6445333055555555 0.29125318518518517 0.6462715416666667 0.29845604166666667 0.6570326828703704 0.31204224537037034 0.6610202106481481 0.32827848842592594 0.673708087962963 0.3431664189814815 0.6823602430555555 0.35809477314814814 0.684112962962963 0.37183781712962966 0.6796294421296296 0.3817820532407407 0.6724365601851852 0.3920025509259259 0.6583372523148149 0.40044401620370373 0.6333161041666666 0.40431800231481485 0.6159560486111111 0.40384861574074077 0.593707724537037 0.4022699050925926 0.5705509837962963 0.39949156018518517 0.5519739236111111 0.39848211342592593 0.5549854606481481 0.396589662037037 0.5580238310185185 0.3972979050925926 0.561829787037037 0.3998935486111111 0.5805780092592593 0.40161974305555553 0.6012832893518519 0.40025805324074076 0.6196661018518519
19 0.3427556712962963 0.5989666805555556 0.3347815763888889 0.5954403935185185 0.33168722685185187 0.5895744791666667 0.33498233796296295 0.5832061342592593 0.33528495138888886 0.579120849537037 0.3289244143518519 0.5855800208333334 0.3284123078703704 0.5924934328703704 0.3357310486111111 0.6016836226851852 0.34287820138888886 0.6036662476851852 0.35682457407407403 0.5900840717592593 0.3638755 0.5901889166666666 0.38089089583333335 0.5796508402777778 0.3883345023148148 0.5712776481481482 0.396589662037037 0.5580238310185185 0.3952768310185185 0.5509689537037037 0.3936928703703704 0.5529329722222222 0.38995243287037035 0.5621364305555555 0.37982500925925927 0.5749792245370371 0.3632782361111111 0.5823677361111111 0.3427556712962963 0.5989666805555556
19 0.42044300925925926 0.5380301365740741 0.4288294861111111 0.5296290092592593 0.4378743310185185 0.5187002175925927 0.4457719490740741 0.516898699074074 0.4398040439814815 0.5148804837962963 0.4336064074074074 0.5191404374999999 0.42628227314814815 0.5290776064814815 0.41264103472222224 0.54171075 0.3965892337962963 0.5487708333333333 0.40118917592592596 0.5502020532407408 0.41002709722222225 0.5452369930555556 0.42044300925925926 0.5380301365740741