1 0.7241168657407407 0.478343912037037 0.7241288657407408 0.48326253472222225 0.7310705439814815 0.4958866550925926 0.7392925740740741 0.5038372592592593 0.7478951064814815 0.5089102152777778 0.7628205578703704 0.5112492731481482 0.7648739212962964 0.5057390925925925 0.7615042083333333 0.5011669328703704 0.7468204236111111 0.491990824074074 0.7379642222222222 0.48883628935185186 0.7300078634259259 0.48388588425925927 0.726182224537037 0.47775235416666667 0.7241168657407407 0.478343912037037
8 0.689005724537037 0.4884004675925926 0.6993445324074073 0.49036127777777777 0.7137386412037037 0.4866999513888889 0.7169575185185185 0.4823940833333333 0.6837249004629629 0.46822518287037035 0.6764901342592593 0.467836337962963 0.6734735115740741 0.47562200694444445 0.679693599537037 0.4836845601851852 0.689005724537037 0.4884004675925926
9 0.6900135787037037 0.5308721736111112 0.6882773032407408 0.533984324074074 0.6984498611111112 0.547221201388889 0.7125508865740741 0.555795150462963 0.7286418541666667 0.5593385254629629 0.7379933981481481 0.5537375763888889 0.7387544050925926 0.5479822939814815 0.7348653518518519 0.5423283703703704 0.7194085601851852 0.533988923611111 0.7116544560185185 0.5325183171296296 0.7002255486111111 0.5337922037037037 0.6900135787037037 0.5308721736111112
10 0.6369363611111111 0.5365380925925926 0.6517983958333333 0.5393567592592592 0.6654194953703704 0.5365320995370371 0.6767095648148148 0.5312988055555555 0.6508385462962963 0.5165595347222222 0.6299072615740741 0.5145563402777777 0.6243693541666666 0.5213721967592593 0.6260027939814814 0.5290565023148148 0.6369363611111111 0.5365380925925926
11 0.5949246087962963 0.4184442060185185 0.6016640347222222 0.4275885277777778 0.6134340277777777 0.4337538449074074 0.6277133055555555 0.43597035648148147 0.6400420532407408 0.4329005925925926 0.6453262916666667 0.42800316203703703 0.6352925717592592 0.41872569675925925 0.6169974050925927 0.41181447685185185 0.6043395671296297 0.41236365277777776 0.5967242986111111 0.41485245138888893 0.5949246087962963 0.4184442060185185
12 0.6537265717592592 0.42959632175925927 0.657603625 0.43033162500000005 0.6769408842592592 0.41433366435185187 0.6789188240740741 0.4043844699074074 0.67347175 0.39548524768518517 0.6616503402777778 0.39471815740740746 0.6513989537037038 0.40211497916666666 0.6502694398148149 0.41566652777777774 0.6537265717592592 0.42959632175925927
24 0.6770900717592592 0.5284211597222223 0.6842614166666666 0.529289613425926 0.6881898842592592 0.5246266898148149 0.6850498402777778 0.5082988587962963 0.6887640555555555 0.4952375138888889 0.684811585648148 0.49006319444444446 0.6754840439814814 0.5055013842592593 0.6799798587962963 0.5215947083333333 0.6770900717592592 0.5284211597222223
25 0.710895650462963 0.4597098449074074 0.7075434953703704 0.4579654513888889 0.702878511574074 0.4548634398148148 0.7016902662037038 0.4570770810185185 0.7062980486111111 0.46061169907407407 0.7107294560185186 0.46322595833333335 0.7172220879629629 0.46379213888888887 0.7231379305555555 0.4664662013888889 0.722947900462963 0.4724167939814815 0.7223758726851851 0.47674284953703705 0.7158703587962962 0.47950013194444446 0.7209588217592592 0.480686912037037 0.7267160648148149 0.47778771990740737 0.7266772847222221 0.4735675439814815 0.7278833032407407 0.46670100462962966 0.7248750115740741 0.4623611064814815 0.7182625601851852 0.46044183564814817 0.710895650462963 0.4597098449074074
26 0.6659098518518518 0.4431958587962963 0.6733393773148149 0.44571354398148144 0.6815560787037037 0.4490457060185185 0.6855994305555555 0.4478170069444445 0.6853318425925926 0.4453272569444444 0.6792443935185185 0.44395101388888886 0.6736485763888889 0.44111591666666666 0.667241099537037 0.4399007037037037 0.6615880833333334 0.4374982175925926 0.6579927546296296 0.43260352314814815 0.6535035625 0.42864794675925927 0.6519666921296297 0.43123892361111116 0.647130099537037 0.4294347291666667 0.6444002199074075 0.4320211712962963 0.6545984027777778 0.43617258333333336 0.6605768611111111 0.44063233796296297 0.6659098518518518 0.4431958587962963
17 0.5934090717592592 0.3442503472222222 0.5789788287037037 0.3428699907407407 0.5590277453703704 0.3417994884259259 0.546862849537037 0.3474622337962963 0.5328880879629629 0.3599045347222222 0.5189034097222222 0.37760150694444444 0.5048276620370371 0.39426401388888893 0.49394532407407404 0.4057662800925926 0.4795614074074074 0.41439996296296294 0.4625515810185185 0.4238920462962963 0.4497874351851852 0.43368100231481477 0.43921547685185186 0.44456417129629633 0.43295292592592594 0.4608427407407408 0.4368550393518518 0.4727748587962963 0.44110715046296295 0.48206002314814816 0.4417772199074074 0.492531587962963 0.4370146759259259 0.502650787037037 0.42656978935185186 0.5108447268518519 0.4180081087962963 0.5151559675925926 0.4163301597222222 0.5209428518518519 0.4129351134259259 0.5258947476851852 0.4080689490740741 0.5298896736111112 0.4041015509259259 0.537446837962963 0.3999592546296296 0.5463267638888889 0.4006251203703704 0.5551018819444444 0.40745880324074074 0.563858974537037 0.4064483541666667 0.5697724537037037 0.40005260648148144 0.5766989675925925 0.3945401689814815 0.5804017083333334 0.3900359074074074 0.5868393726851852 0.38571016898148147 0.5936501226851852 0.382009525462963 0.6009181620370371 0.3768583472222222 0.6070635208333334 0.3706777662037037 0.6106395462962964 0.36023288425925926 0.6188334837962963 0.36422052083333334 0.6197593773148148 0.3711313287037037 0.6141173518518519 0.37762235185185183 0.60992175 0.38281664120370373 0.6034453402777777 0.38738647916666663 0.5965117638888889 0.3924678796296296 0.5891658703703704 0.39752734027777775 0.5819859259259259 0.4053942106481482 0.5760163842592593 0.41096872453703703 0.5701209259259259 0.4109307384259259 0.5635002546296296 0.40604076851851856 0.5573157962962964 0.40334787962962965 0.5483263472222222 0.4066731481481481 0.5421739212962963 0.40948277546296297 0.5347364050925926 0.4124799212962963 0.5310654675925925 0.41867882175925925 0.5256276527777778 0.42153635185185184 0.5195561319444445 0.4255989560185185 0.5147303518518518 0.435095474537037 0.5102571782407408 0.4415787407407407 0.5026688101851852 0.4441879629629629 0.49502367129629626 0.44391935185185183 0.4849674768518519 0.44080247685185187 0.4757279976851852 0.43749931712962964 0.46272267361111113 0.44055953009259263 0.44821037268518515 0.45110954398148145 0.4374931458333333 0.46695811111111113 0.426423912037037 0.4887205763888889 0.4120673009259259 0.49841335416666666 0.4061048240740741 0.5108288310185185 0.3933672939814815 0.5343023263888889 0.36322531018518517 0.5505008981481482 0.3495091226851852 0.563757337962963 0.3442225138888889 0.5784980277777778 0.3449832939814815 0.5906346875 0.34643700925925924 0.603243224537037 0.3495067430555555 0.6185983287037038 0.35598032175925926 0.628432712962963 0.3627627939814815 0.643284724537037 0.37304109722222223 0.6529263379629631 0.38300967592592594 0.6607548958333334 0.3950080092592593 0.6733396921296296 0.42588401851851854 0.6803158425925925 0.4387383703703704 0.6926301018518518 0.44921334259259255 0.6998835 0.45652449074074075 0.7030531527777777 0.4539885138888889 0.6869239953703704 0.44067009953703706 0.6752180787037037 0.42386616435185187 0.6612709074074075 0.39120573842592593 0.6534947569444444 0.37921685185185183 0.6409356875 0.36886506712962963 0.6236298217592592 0.3564257314814815 0.6080044745370371 0.34854447916666664 0.5934090717592592 0.3442503472222222
18 0.6584034722222222 0.46103643981481485 0.6407791712962962 0.4648162037037037 0.6156647685185185 0.4678538842592592 0.6027323125 0.46896208101851855 0.5885982662037037 0.47052133796296297 0.5738836597222222 0.47129153935185186 0.5647377893518518 0.47311788194444443 0.557272375 0.47950278935185187 0.5524097662037037 0.48519403703703706 0.5494647222222222 0.4919274166666667 0.5487506018518519 0.5007795486111112 0.5478704074074074 0.5107874814814815 0.5489603171296297 0.5198121481481481 0.5440941504629629 0.5238070717592592 0.5395680046296296 0.530410199074074 0.5388857407407408 0.533841712962963 0.5311896990740741 0.5367910949074074 0.5345564467592593 0.5389561412037037 0.5397153865740741 0.5362035486111112 0.5434858703703704 0.5301355601851852 0.5497680833333333 0.5223394467592593 0.5509892037037036 0.5303718032407407 0.552908111111111 0.5417581805555556 0.555155787037037 0.5506631921296296 0.5558660555555556 0.5591075069444444 0.5549692060185185 0.5658901087962963 0.5524694398148148 0.5727074444444444 0.5474974375 0.579226011574074 0.5408533194444444 0.5845793888888889 0.5323176574074074 0.5904220902777778 0.521996287037037 0.5942304722222223 0.5036861620370371 0.599745425925926 0.4930720833333333 0.602311 0.4766767199074074 0.6015756319444444 0.4621110601851852 0.599491136574074 0.44565023148148153 0.5962001296296295 0.4287359097222222 0.5894308356481481 0.4178101041666667 0.582271261574074 0.4125138287037037 0.5739748703703703 0.3959649537037037 0.5554048611111111 0.37358352777777776 0.543359337962963 0.3647058541666667 0.5362494699074074 0.35119847685185185 0.5296179675925926 0.3404075023148148 0.5231619328703704 0.33342493749999996 0.5172590578703704 0.3305393379629629 0.5114552314814814 0.3329256319444444 0.5037678148148148 0.32721628472222225 0.5089597361111111 0.32584820138888887 0.5141264398148148 0.33048980324074073 0.5187377592592592 0.336223599537037 0.5237253425925926 0.35980946296296296 0.5370164884259259 0.37044734490740744 0.5446302962962963 0.38842685416666667 0.5543144490740741 0.3970561620370371 0.5598511805555555 0.4061821388888889 0.5685346666666666 0.41036861342592595 0.578316224537037 0.4174209583333333 0.5854196319444445 0.4274556898148148 0.5924102060185186 0.4393128333333333 0.5977110462962962 0.4545897476851852 0.5995912060185185 0.46784526388888886 0.6029527662037037 0.47784200694444445 0.6033226712962964 0.4954125763888889 0.6051289930555556 0.5181954421296296 0.5991054050925926 0.5294953425925926 0.5948046435185185 0.5423242430555556 0.5875716875 0.5520967777777778 0.577554587962963 0.5570426990740741 0.569505037037037 0.5721509305555555 0.5677918055555555 0.591272375 0.5665004699074074 0.6013354004629629 0.5663741041666667 0.6091845347222221 0.5622669560185185 0.6189429513888889 0.5558080856481481 0.6281727800925926 0.5516235601851852 0.6423505162037038 0.5497338564814815 0.6255658333333334 0.5506202962962963 0.6144010763888889 0.5551163055555556 0.6051577152777777 0.5628596643518519 0.5955003449074074 0.5650978402777778 0.5834984560185186 0.5643481435185185 0.5712997824074074 0.5650866643518518 0.5575016203703703 0.5675571990740741 0.5583109537037038 0.5614364560185185 0.5570560532407407 0.5484798703703704 0.5539893587962963 0.5319579907407407 0.5520662476851852 0.5188751712962963 0.5507415046296297 0.5047185347222223 0.5526227199074074 0.4904914699074074 0.5600584953703703 0.4808792615740741 0.5695727476851852 0.4745436990740741 0.59038425 0.47306454398148146 0.6047849189814815 0.47121711805555555 0.6271998356481482 0.4691935023148148 0.6446922175925927 0.4664064050925926 0.6571534398148148 0.46368230787037035 0.6754198055555556 0.4584982847222222 0.6923717569444444 0.45289535648148144 0.6989107430555556 0.45006527314814815 0.6987675717592593 0.4459683657407407 0.6954007592592591 0.4438038009259259 0.6860883958333334 0.4449206041666667 0.6863802916666666 0.4480280300925926 0.6906085393518518 0.4471342916666667 0.6951070300925927 0.4476482268518519 0.692529662037037 0.44987274768518515 0.6828066597222223 0.45260731712962965 0.6706163287037037 0.45673920833333337 0.6584034722222222 0.46103643981481485
19 0.6843810115740742 0.4683427337962963 0.6934531782407407 0.46974375925925926 0.718419087962963 0.47144087037037036 0.7283656689814815 0.46949009027777777 0.7382084212962964 0.4683195023148148 0.7585308912037036 0.45954318981481485 0.7644623078703704 0.4553918935185185 0.7710743217592593 0.44609345833333336 0.7743591875 0.43264734490740736 0.7714127037037037 0.4207366851851852 0.7654435509259259 0.40889287037037036 0.755663724537037 0.40144228935185183 0.7408675347222222 0.39447884953703705 0.7291395231481481 0.38873741435185183 0.720454787037037 0.3827732638888889 0.7091131180555555 0.3806222546296296 0.6922149861111111 0.38141490972222225 0.6854398310185185 0.3838068981481481 0.6719007129629629 0.3933903657407407 0.6664794259259259 0.4001958958333333 0.6666501782407408 0.41030088888888894 0.6709868819444444 0.4328673796296296 0.6788150347222222 0.45833396064814813 0.6804759421296296 0.4656629861111111 0.6838565208333334 0.46611564814814815 0.6842458935185185 0.46831710879629634 0.6843810115740742 0.4683427337962963
19 0.5842526759259259 0.4354435208333334 0.5678094560185185 0.42465056018518516 0.5430902291666667 0.40925068750000004 0.5320372962962963 0.40491602777777774 0.514921675925926 0.40246935185185184 0.4968216875 0.4009549490740741 0.48260487500000004 0.39937810416666664 0.4656092708333333 0.39439572453703703 0.4540293703703704 0.38916221759259256 0.44104073379629627 0.3831812037037037 0.4253513611111111 0.3776476527777778 0.41319027314814816 0.3751814537037037 0.4015179930555555 0.3755257175925926 0.3898951319444444 0.37875737962962963 0.3820774884259259 0.38414924768518516 0.3761536157407407 0.3914995625 0.3688628125 0.3977912361111111 0.36090077083333333 0.4042751666666667 0.3551662939814815 0.4118211875 0.3528582476851852 0.4211360069444445 0.35300461574074077 0.4297973587962963 0.3595587291666667 0.44047337268518516 0.3694329652777778 0.4520991226851852 0.38505618287037036 0.46257629166666664 0.39323781481481485 0.46908415277777776 0.39831810879629626 0.4778818518518519 0.3989431944444444 0.48455586111111115 0.39018175925925924 0.4905681273148148 0.3773889074074074 0.49613586805555554 0.3619646597222222 0.49880636111111115 0.34240210416666667 0.5002126527777778 0.32149264583333337 0.5004038310185185 0.3032281921296296 0.4980593263888889 0.2932252939814815 0.4939238101851852 0.2880044375 0.4878172060185185 0.27673772916666667 0.4818432037037037 0.25394371990740744 0.4751220023148148 0.22411884722222222 0.46946555092592596 0.19671536342592594 0.46666652314814816 0.16845494675925926 0.4654640393518519 0.15581201388888888 0.46338580092592596 0.15235191203703702 0.4651277638888889 0.15922154166666666 0.4669104652777778 0.18020448842592593 0.46801196527777783 0.2140944537037037 0.47060217824074074 0.24759256481481481 0.47615587962962963 0.27118813425925925 0.48206992592592596 0.28127730787037036 0.4871809861111111 0.2878163310185185 0.4914589560185185 0.29238278472222223 0.4960024351851852 0.30135631944444446 0.4997824537037037 0.31546994675925927 0.5021396203703704 0.3381007476851852 0.5019548518518518 0.3575189050925926 0.5016406250000001 0.3730088171296297 0.5001015462962963 0.38683480324074077 0.49648881250000004 0.39842264120370374 0.48893346527777776 0.40153326620370366 0.4816892175925926 0.400633087962963 0.4738445694444444 0.39299149305555553 0.46488066666666666 0.3823297685185185 0.45758238888888886 0.3697335717592593 0.44863849074074075 0.36154375 0.4389314861111111 0.3575547777777778 0.43002070833333333 0.35717395601851853 0.4198763634259259 0.3594033333333333 0.4127845462962963 0.36633218055555555 0.4043460856481481 0.37433615740740744 0.39755005092592594 0.3820019166666667 0.39005075 0.38795017361111106 0.3841440717592593 0.3958540949074074 0.37972775 0.41228715509259256 0.37756814583333337 0.4366956111111111 0.38347608796296295 0.45021115046296295 0.3903564259259259 0.46069156944444445 0.39458250925925925 0.4735314490740741 0.4000554722222222 0.4912770949074074 0.40262163194444445 0.5168524097222222 0.4045941064814815 0.5393914143518518 0.40998771064814815 0.5694720625 0.42880309027777774 0.583728349537037 0.4382216157407407 0.5984008125 0.44612076851851856 0.6118707106481481 0.4517132222222222 0.6332565648148148 0.45768752314814815 0.6614876597222222 0.4640008842592593 0.6809351226851852 0.46768920370370365 0.6804759421296296 0.4656629861111111 0.6772375787037037 0.46522936574074075 0.6407362152777778 0.45766706481481484 0.6159902500000001 0.4510555 0.5976645162037038 0.443103099537037 0.5842526759259259 0.4354435208333334