1 0.6821289074074074 0.3600260416666667 0.6806640625 0.35546875 0.67578125 0.3515625 0.65625 0.3450520833333333 0.6499023425925926 0.345703125 0.6469726574074074 0.3522135416666667 0.6494140625 0.3509114583333333 0.6787109375 0.3645833333333333 0.6821289074074074 0.3600260416666667
8 0.6381835925925926 0.3177083333333333 0.6313476574074074 0.318359375 0.6318359375 0.3313802083333333 0.63671875 0.3372395833333333 0.6430664074074074 0.32421875 0.6381835925925926 0.3177083333333333
9 0.62109375 0.3216145833333333 0.6147460925925926 0.3151041666666667 0.59765625 0.3111979166666667 0.5913085925925926 0.31640625 0.5908203125 0.3235677083333333 0.6020507824074074 0.3326822916666667 0.6264648425925926 0.3391927083333333 0.62109375 0.3216145833333333
10 0.7377929675925926 0.623046875 0.734375 0.61328125 0.728515625 0.6067708333333334 0.7197265625 0.6061197916666666 0.7143554675925926 0.6126302083333334 0.71484375 0.6334635416666666 0.73046875 0.666015625 0.7392578125 0.6334635416666666 0.7377929675925926 0.623046875
11 0.7504882824074074 0.6647135416666666 0.7446289074074074 0.6575520833333334 0.7373046875 0.65625 0.7353515625 0.6608072916666666 0.736328125 0.6751302083333334 0.74609375 0.67578125 0.75 0.671875 0.7504882824074074 0.6647135416666666
12 0.7622070324074074 0.703125 0.7690429675925926 0.705078125 0.7666015625 0.697265625 0.7446289074074074 0.677734375 0.734375 0.677734375 0.7314453125 0.681640625 0.73046875 0.685546875 0.7421875 0.68359375 0.751953125 0.6901041666666666 0.7622070324074074 0.703125
13 0.685546875 0.732421875 0.689453125 0.724609375 0.6928710925925926 0.705078125 0.6918945324074074 0.6829427083333334 0.685546875 0.6725260416666666 0.6850585925925926 0.6985677083333334 0.6787109375 0.72265625 0.681640625 0.7330729166666666 0.685546875 0.732421875
14 0.724609375 0.6725260416666666 0.7172851574074074 0.6647135416666666 0.7065429675925926 0.662109375 0.6889648425925926 0.6634114583333334 0.6889648425925926 0.6692708333333334 0.708984375 0.6822916666666666 0.7270507824074074 0.681640625 0.724609375 0.6725260416666666
15 0.7314873055555556 0.6462233078703704 0.7090727546296297 0.6604895833333333 0.7184399421296297 0.6640566412037038 0.7314873055555556 0.6462233078703704
24 0.6171118171296297 0.40748046990740744 0.6250976574074074 0.404577474537037 0.6319951180555555 0.39877278703703706 0.6341728518518518 0.3828085925925926 0.635625 0.36442512962962964 0.6479672847222223 0.3513632800925926 0.6472412106481481 0.34797721296296297 0.6378032222222223 0.35571744675925926 0.6381660162037037 0.33539908796296297 0.6345361319444445 0.33830208333333334 0.6341728518518518 0.35039583333333335 0.6283647453703703 0.34072070370370366 0.6234643564814816 0.3407421875 0.6323579097222222 0.3595878912037037 0.6283647453703703 0.3963535162037037 0.6167485347222222 0.40070768287037034 0.6171118171296297 0.40748046990740744
25 0.7013291018518518 0.689999349537037 0.6951582037037036 0.6793561203703704 0.6944321296296296 0.6866126296296295 0.7042333981481482 0.6996744791666666 0.7111303703703704 0.7045123703703703 0.718390625 0.6982233078703705 0.7278291018518518 0.6846777337962963 0.7329111319444445 0.677421224537037 0.7379931643518518 0.6735514328703703 0.7347260740740741 0.6691972662037037 0.7318217777777778 0.6754863287037037 0.7336372060185185 0.664360025462963 0.7278291018518518 0.66484375 0.7281918935185184 0.6779049490740741 0.7169384768518519 0.6909667962962963 0.7118564444444444 0.6958046875 0.7013291018518518 0.689999349537037
26 0.6944321296296296 0.6604895833333333 0.6842680671296297 0.6585546875 0.6682958981481482 0.6406549490740742 0.6624877939814815 0.6406549490740742 0.657405761574074 0.6512981782407408 0.6599467777777778 0.6571035162037037 0.6653916018518518 0.6488789074074075 0.6839047847222223 0.663875650462963 0.6842680671296297 0.6750026041666667 0.6889873055555555 0.6730677083333333 0.6882612314814814 0.6629082037037037 0.6944321296296296 0.6604895833333333
17 0.5524965810185185 0.45634049537037036 0.5387021481481481 0.48246419212962965 0.5299902337962963 0.5008470046296296 0.5281752939814814 0.5231002592592593 0.5252709953703704 0.5637363287037037 0.5230927731481482 0.5763144537037037 0.5172846689814815 0.5840546875 0.5063945324074074 0.5840546875 0.4958676759259259 0.5903437500000001 0.4846142569444445 0.5917949212962963 0.47263476620370376 0.6034055995370371 0.4668266597222222 0.6101777337962964 0.4602929675925926 0.6077591157407407 0.44940234259259254 0.6125970046296296 0.4439575185185185 0.6130807291666666 0.4381494143518519 0.621788412037037 0.4272592777777778 0.6251744791666667 0.4145537106481481 0.6290449212962963 0.4152797847222222 0.6343665370370369 0.42907421759259257 0.6285611967592593 0.4417792962962963 0.6237233078703703 0.4472246087962963 0.6169505208333333 0.4595668935185185 0.6116295578703704 0.4668266597222222 0.6150156250000001 0.4751762685185185 0.6058242199074074 0.48570312499999996 0.597116537037037 0.49514160185185185 0.5966328125000001 0.5071206064814815 0.5908274745370371 0.5180107430555556 0.5893763032407408 0.5245449212962963 0.5806686203703704 0.5278120115740741 0.577281900462963 0.5350722662037037 0.6005026041666667 0.5401542962962963 0.6169505208333333 0.5459624027777777 0.6184023425925926 0.5503183587962963 0.6121132800925926 0.5448735347222222 0.6116295578703704 0.5412431643518518 0.6092102870370371 0.53725 0.5927623703703704 0.5285380856481482 0.571960287037037 0.5292641597222223 0.546320962962963 0.53253125 0.5114895833333334 0.5379760740740741 0.491171875 0.5488662106481482 0.47036979166666665 0.5626606435185185 0.4476328125 0.56846875 0.42683072916666664 0.5811743171296296 0.4137695300925926 0.5935161134259259 0.40554557175925926 0.6058583981481481 0.403610025462963 0.6160229490740741 0.40602929629629625 0.615296875 0.3982890625 0.6036806643518519 0.3982890625 0.5800849606481481 0.40602929629629625 0.5633867175925926 0.42779882870370367 0.5524965810185185 0.45634049537037036
18 0.6505083009259259 0.6532330717592593 0.6290908194444443 0.6421067708333333 0.6218310555555555 0.6392037754629629 0.6185639652777778 0.6290449212962963 0.6196528310185185 0.6145319004629629 0.6171118171296297 0.5893763032407408 0.6102148449074074 0.5777656250000001 0.598235351851852 0.5603502615740741 0.5829892569444445 0.5303567708333333 0.5786328125 0.5139088541666667 0.56846875 0.49987955787037036 0.5543115231481481 0.4819804699074074 0.5448735347222222 0.4694023449074074 0.547414550925926 0.46504817824074074 0.5619345694444444 0.45875976620370373 0.5815371087962963 0.4529544282407407 0.5949682615740741 0.447149087962963 0.6029545902777778 0.43650651157407405 0.6131186527777778 0.417155599537037 0.6189267569444444 0.404577474537037 0.6232827152777778 0.3973216134259259 0.6236459953703704 0.3784544282407407 0.6232827152777778 0.36684440046296296 0.6149335949074074 0.3455585949074074 0.6036806643518519 0.32911067824074075 0.5938793935185186 0.32427278703703705 0.5866191412037037 0.3339479166666667 0.5800849606481481 0.3470097662037037 0.567742675925926 0.3581360671296296 0.5510444328703704 0.3755520833333333 0.5332573240740741 0.39877278703703706 0.5285380856481482 0.416188150462963 0.5267231435185186 0.436022787037037 0.5227299814814815 0.4592434907407408 0.5129287106481482 0.4805286458333334 0.5002236319444444 0.5119739583333334 0.49114843750000003 0.5293893240740741 0.4849770509259259 0.5390644537037037 0.47408691435185185 0.5366458333333333 0.45557373148148145 0.533742837962963 0.44649853472222223 0.5327753912037038 0.4345190439814815 0.5385807291666667 0.41491699305555557 0.5477721365740741 0.40511572222222225 0.5405156249999999 0.39785546759259255 0.5380970046296296 0.36954101620370366 0.5260026041666667 0.37317089814814813 0.5298730462962963 0.38660253935185185 0.5366458333333333 0.40039648379629633 0.5429348958333333 0.4127387685185185 0.5506751296296296 0.41963623148148144 0.5506751296296296 0.44613525462962966 0.5371295578703704 0.46936816435185186 0.540999349537037 0.48606640740740736 0.5434186203703704 0.5016757824074074 0.5182623703703704 0.516921875 0.47811002546296294 0.5252709953703704 0.460694662037037 0.5285380856481482 0.44473046759259255 0.5303530277777777 0.42296093749999997 0.5339833981481481 0.40796419212962964 0.5376132800925926 0.3992565115740741 0.5455996087962963 0.38909700462962965 0.5619345694444444 0.36926302083333334 0.5775439444444445 0.3523313796296296 0.5887973634259259 0.3373346342592593 0.5942421875 0.32959440046296296 0.5996875 0.33056184953703704 0.6087626944444444 0.342171875 0.6185639652777778 0.36297395833333335 0.6218310555555555 0.379905599537037 0.6196528310185185 0.39877278703703706 0.6069477546296297 0.422477212962963 0.5971464837962963 0.43892512962962965 0.5848041990740741 0.4476328125 0.5691948240740741 0.4524707037037037 0.5448735347222222 0.46262955787037036 0.5412431643518518 0.47133724074074074 0.5597568356481482 0.49504166666666666 0.5731879884259259 0.5110058587962962 0.5789960949074074 0.5245514328703704 0.5866191412037037 0.5448697916666666 0.5931533194444444 0.5564798171296297 0.6033173819444444 0.5748632800925926 0.6131186527777778 0.5884088541666667 0.6156596689814814 0.6029212245370371 0.6156596689814814 0.6363014328703704 0.6294541018518518 0.6479114583333333 0.6457890625 0.657587238425926 0.6653916018518518 0.6658111990740742 0.6846308587962964 0.6750026041666667 0.6937060555555555 0.6848730462962963 0.6940693356481482 0.6788723958333334 0.6835419930555555 0.6677460925925927 0.6715629884259259 0.6629082037037037 0.6505083009259259 0.6532330717592593
19 0.5016757824074074 0.5153600254629629 0.4918745115740741 0.509070962962963 0.4780800787037037 0.509070962962963 0.4595668935185185 0.509070962962963 0.44250537037037035 0.5071360671296297 0.43016308564814815 0.5114895833333334 0.41963623148148144 0.522616537037037 0.4145537106481481 0.5366458333333333 0.41419091898148147 0.5492233078703703 0.4167319328703704 0.5632526041666667 0.42326611342592596 0.5734121087962963 0.4345190439814815 0.584538412037037 0.44758740277777775 0.591311199074074 0.4562998055555556 0.5893763032407408 0.46936816435185186 0.5806686203703704 0.47408691435185185 0.5700253912037037 0.4777172847222222 0.5574479166666667 0.48606640740740736 0.5390644537037037 0.49986035185185185 0.5342265625 0.516921875 0.5366458333333333 0.5281752939814814 0.5390644537037037 0.5379760740740741 0.5376132824074075 0.553585449074074 0.5458372384259259 0.5586528194444444 0.5650508773148148 0.559925912037037 0.5593328518518518 0.5601484375 0.5601829421296296 0.562951425925926 0.5639185416666667 0.5637495115740742 0.5608339837962963 0.5652016597222222 0.547288412037037 0.5604829097222223 0.5414830717592592 0.547414550925926 0.539548175925926 0.5397915046296297 0.5318079421296296 0.5209150393518519 0.5206816412037037 0.5103876944444444 0.5163274745370371 0.5016757824074074 0.5153600254629629
19 0.5582622060185185 0.6714257800925926 0.5674584953703703 0.6852526041666667 0.576890625 0.6921660162037037 0.5903310555555555 0.6962513009259259 0.6054223634259259 0.6940514328703704 0.6209853518518519 0.6849381504629629 0.6381992199074075 0.6717402337962963 0.6521113287037037 0.6673404953703703 0.6601289050925926 0.6563417962962963 0.657405761574074 0.6546842453703704 0.6497822268518518 0.6633919259259259 0.6407070324074075 0.6658111990740742 0.6265498055555555 0.6740351550925925 0.6113037106481483 0.6856451828703704 0.6000502939814815 0.6919342453703704 0.5869819328703704 0.6914505208333332 0.5735507824074074 0.6870970046296295 0.5644755856481481 0.6730677083333333 0.557578613425926 0.6624244791666667 0.552859375 0.632914712962963 0.552859375 0.6145319004629629 0.5561264652777778 0.5937298171296297 0.5601196296296296 0.5748632800925926 0.5611119745370371 0.5710279212962963 0.5594409189814814 0.5680390625 0.5586528194444444 0.5650508773148148 0.5544892569444444 0.5837513032407408 0.551187988425926 0.6070058587962963 0.5490659189814815 0.6293170578703703 0.5516596689814816 0.6466002615740741 0.5582622060185185 0.6714257800925926
19 0.6115532222222222 0.6151757824074074 0.6188632800925925 0.6129765625 0.6268803703703704 0.6035488287037037 0.6268803703703704 0.5966354166666668 0.6209853518518519 0.590350912037037 0.6209853518518519 0.5944361967592593 0.6238149421296296 0.6007207037037037 0.6202783194444444 0.6066914074074075 0.6120249027777779 0.610462238425926 0.5926894537037037 0.5944361967592593 0.5766547847222222 0.5875227870370371 0.5674584953703703 0.574952474537037 0.5643930671296297 0.5658398449074075 0.562951425925926 0.5639185416666667 0.5611119745370371 0.5710279212962963 0.5684013680555556 0.5840657546296296 0.5752397453703704 0.5922363287037037 0.5915102546296297 0.6022923171296297 0.5985844722222221 0.6019778657407407 0.6115532222222222 0.6151757824074074
19 0.5386904305555555 0.5516985671296296 0.5485942384259259 0.5586119791666667 0.5570830069444445 0.5633255208333333 0.5617993171296296 0.5617545578703703 0.5462363287037038 0.5551555995370371 0.5335029305555555 0.5428997407407408 0.5269003912037037 0.5331582037037037 0.5210053703703704 0.5290729166666667 0.514874511574074 0.531272787037037 0.522655761574074 0.5328437500000001 0.5309091805555556 0.5435279953703703 0.5386904305555555 0.5516985671296296