1 0.32026338657407405 0.5949800532407408 0.3381302222222222 0.6056359814814815 0.3444870023148148 0.6063995486111111 0.3486554189814815 0.6006931018518519 0.3460014328703704 0.6014255231481482 0.3199777337962963 0.5816304074074073 0.3157185625 0.5853236435185185 0.31624966666666665 0.5900928564814815 0.32026338657407405 0.5949800532407408
8 0.3504183587962963 0.6362956157407408 0.35725416435185187 0.6371667800925926 0.35936364814814814 0.6243551226851851 0.3557382037037037 0.6175623194444445 0.34692233796296296 0.6288676111111111 0.3504183587962963 0.6362956157407408
9 0.3961461226851852 0.6478953865740741 0.3980488287037037 0.6410157523148149 0.3888431597222222 0.6296481666666667 0.3661860532407407 0.6179162615740741 0.36796086342592593 0.6362503125000001 0.3728939652777778 0.6440011111111111 0.3888833611111111 0.6515782430555556 0.3961461226851852 0.6478953865740741
10 0.31926325694444446 0.33435994907407407 0.3277563217592593 0.33693190972222226 0.3343198796296296 0.3317634537037037 0.33798246759259254 0.3113293611111111 0.32912487500000004 0.2761260902777778 0.3140311041666667 0.3059494837962963 0.31339738194444444 0.3164355231481481 0.3148091851851852 0.32671675 0.31926325694444446 0.33435994907407407
11 0.3232991967592593 0.2801317384259259 0.32518850462962967 0.2659420763888889 0.3157373865740741 0.26315492361111115 0.3111286134259259 0.2661053634259259 0.30922590509259257 0.27298499537037035 0.31355055092592593 0.28126340046296294 0.3204771087962963 0.28414776851851853 0.3232991967592593 0.2801317384259259
12 0.29904725694444445 0.22951370601851853 0.29988928240740736 0.23767412962962964 0.31756274305555554 0.2615721087962963 0.3276223148148148 0.2638316550925926 0.3312730324074074 0.26066602546296297 0.3330076412037037 0.25706999999999997 0.3211227106481481 0.2563932685185185 0.31283641898148146 0.24788928703703703 0.3053653587962963 0.23292568055555557 0.29904725694444445 0.22951370601851853
13 0.37377550694444445 0.2462989212962963 0.3703330902777778 0.26811101851851854 0.3744896365740741 0.2796730347222222 0.3801456875 0.2543725115740741 0.3911617847222222 0.23226877083333333 0.3903584305555555 0.2214599375 0.3863967893518519 0.2212343611111111 0.38101146296296295 0.22799601620370372 0.37377550694444445 0.2462989212962963
14 0.3693244884259259 0.2878126921296296 0.37048931944444446 0.28209586574074075 0.35343771064814816 0.2649803055555556 0.335584275462963 0.26163440046296293 0.33616745601851855 0.2710652314814815 0.34179975925925926 0.2803016296296296 0.3518206574074074 0.285209587962963 0.3693244884259259 0.2878126921296296
15 0.3490168055555556 0.28623250925925925 0.34053626851851854 0.2806880810185185 0.3241909560185185 0.2952124467592593 0.3490168055555556 0.28623250925925925
24 0.3608512847222222 0.6052871527777778 0.36462592361111107 0.616006775462963 0.36943770833333334 0.6170656643518518 0.3644591875 0.596718662037037 0.3756855925925926 0.561727412037037 0.38794724999999997 0.5600389189814815 0.38893726620370367 0.5533508495370371 0.3805256666666667 0.554423462962963 0.37260496990740744 0.5585670092592593 0.3672948657407407 0.5736629398148149 0.36221565046296295 0.5912791689814815 0.34751061342592593 0.6013035046296296 0.3475497847222222 0.6047671921296297 0.3583476412037037 0.5992950162037037 0.3539524814814815 0.6190391203703703 0.3580906805555556 0.6170066319444445 0.3608512847222222 0.6052871527777778
25 0.32968024305555554 0.26658763888888887 0.325687337962963 0.27704321064814813 0.33148153009259257 0.2778511273148148 0.33372214814814816 0.2650277384259259 0.3473589513888889 0.25476346527777777 0.35330643287037033 0.2511631458333333 0.3624801712962963 0.2591470532407407 0.3664182685185185 0.2708911712962963 0.36857315740740737 0.26397119444444445 0.3615543101851852 0.2490673125 0.3557498125 0.24282730324074073 0.3473769050925926 0.24736349768518517 0.3354244791666667 0.2584996712962963 0.3289961875 0.2644597662037037 0.32324116435185185 0.26711553703703705 0.32558073842592594 0.27208370833333334 0.32968024305555554 0.26658763888888887
26 0.3699147199074074 0.2884587523148148 0.3633799583333333 0.2894587152777778 0.37296673611111114 0.29358628703703704 0.3850777731481482 0.3145701805555556 0.3907758009259259 0.31585005555555556 0.3978773657407408 0.3065856319444445 0.39653859490740745 0.3003615879629629 0.3895619282407407 0.30718628703703704 0.37438092824074076 0.2884748263888889 0.3762365439814815 0.27753852083333336 0.3712220925925926 0.278386412037037 0.3699147199074074 0.2884587523148148
17 0.5696256157407408 0.39402916203703703 0.5766699282407407 0.3887016527777778 0.5825989791666667 0.3925011944444445 0.5942449629629629 0.3901808587962963 0.5996827569444444 0.3909087222222222 0.6071118541666666 0.3836927546296296 0.6184687384259259 0.3827888101851852 0.6317029421296296 0.3818123263888889 0.6320485555555556 0.37646017824074074 0.6173614699074074 0.37908454861111107 0.6039354189814815 0.3810050509259259 0.5972468912037037 0.3864131412037037 0.584080724537037 0.3888849097222222 0.5776316898148148 0.38398146064814814 0.5676130949074074 0.39110933564814815 0.5555546782407407 0.3972854814814815 0.5461989189814814 0.3956775763888889 0.5332928541666666 0.39870199074074075 0.5223206203703703 0.39771810879629627 0.514179212962963 0.40477408101851853 0.5103007685185185 0.4073584722222222 0.5077943333333333 0.3831028194444444 0.5060784259259259 0.36593517592592595 0.500669013888889 0.3632388009259259 0.4951453611111111 0.36841498611111106 0.5003908310185184 0.3700867592592592 0.5034714537037037 0.373247162037037 0.5041191319444445 0.3901748611111111 0.5085305300925926 0.4123906203703704 0.5027211805555555 0.43724618981481483 0.4925916111111111 0.4705102476851852 0.4832108680555556 0.4891338425925926 0.4683917199074074 0.5070301018518518 0.4503386597222222 0.5261741898148148 0.44050522453703705 0.5451903217592593 0.4254439212962963 0.5551339699074074 0.4117011273148148 0.5604382175925926 0.3992079722222222 0.5596069351851851 0.38971700694444444 0.5550066597222222 0.38889058101851853 0.5627185856481481 0.4002866388888889 0.5652783310185185 0.4249738912037037 0.5629259490740741 0.44568340046296295 0.5453656527777778 0.4620411597222222 0.519918099537037 0.4807674884259259 0.4974696851851852 0.4929687523148148 0.48145384953703707 0.4991731875 0.46014191666666665 0.5101007986111111 0.42113444212962964 0.5147382407407407 0.4093423125 0.5219750092592592 0.4030702569444444 0.5326587523148147 0.4054700046296296 0.5442363541666667 0.4016536412037037 0.5555649837962963 0.4027175740740741 0.5696256157407408 0.39402916203703703
18 0.4550271597222222 0.47391864351851853 0.4653577800925926 0.49450196296296295 0.47211639583333337 0.5088538356481481 0.46875793981481484 0.5125421365740741 0.4532629861111111 0.5154779328703704 0.4328778703703704 0.516822425925926 0.41854718055555556 0.5195268472222222 0.4085964907407408 0.5281506435185185 0.39477814583333337 0.5447910324074074 0.3865796157407408 0.5557832800925926 0.38086376157407403 0.5619027407407408 0.37675661805555555 0.5802308680555556 0.37480496527777774 0.5916384976851852 0.37876428472222223 0.6142462662037036 0.3865341412037037 0.6327737291666666 0.3951878935185185 0.6396537268518517 0.40423394212962965 0.6318138449074074 0.4132409490740741 0.6205096388888889 0.42756120138888887 0.612373761574074 0.44740524074074073 0.5990610694444444 0.46947146527777783 0.5803248472222222 0.47756339814814813 0.5643730995370371 0.48328702314814814 0.5454209444444444 0.49182072453703707 0.5236450902777777 0.5056676782407408 0.5050375717592592 0.5243832222222222 0.47715695601851854 0.5367485555555556 0.46216508333333334 0.544726375 0.4540852569444444 0.5549293032407407 0.458844787037037 0.5725145115740741 0.46575671527777773 0.5812253888888889 0.46870043518518517 0.5941319282407407 0.4656761296296296 0.6151897083333333 0.46102783564814814 0.6233626458333333 0.4702676157407407 0.6300044861111112 0.47422726388888886 0.6553779791666666 0.4922667939814815 0.6525863263888888 0.4876906342592593 0.6407556574074074 0.47812282175925924 0.6284733888888888 0.46894712962962964 0.6179037569444444 0.4586754606481481 0.6111370162037036 0.45715553703703704 0.5824473819444445 0.46453225 0.5604240902777777 0.45563700462962964 0.544523261574074 0.4495969699074074 0.5242087152777778 0.4707015347222222 0.5012693796296296 0.5065174189814815 0.48961636111111106 0.5216692870370371 0.4832375439814815 0.5365251643518518 0.4771292662037037 0.5573651412037037 0.47058638194444447 0.5711970532407408 0.46529422916666663 0.5788930115740741 0.45543957175925925 0.5870454930555555 0.4354712453703704 0.6027973819444445 0.41679173148148146 0.615877425925926 0.40277027083333333 0.6280295277777778 0.39588990046296296 0.6343816342592592 0.39074011574074075 0.6322377939814815 0.38414495833333334 0.6189104120370371 0.37866484953703705 0.5964545995370371 0.3788256481481482 0.5792149421296297 0.3847133425925926 0.5612867523148148 0.4018900138888889 0.5409587013888889 0.4147753356481481 0.5270707384259259 0.428614775462963 0.5212946435185185 0.4448900787037037 0.520014125 0.4707699837962963 0.5154618541666667 0.47606261805555555 0.507766 0.46261220601851855 0.4805585925925926 0.45260924305555555 0.4620230949074074 0.4496040439814815 0.44752718750000003 0.44616471296296295 0.4260233240740741 0.4420624166666667 0.41325588194444446 0.43574557407407405 0.3930799074074074 0.42882288888888886 0.37770406481481483 0.4292150532407408 0.36298481944444444 0.4358509606481481 0.33041669212962965 0.42462600925925925 0.31604937962962965 0.41052415277777776 0.3030094259259259 0.3929280277777778 0.2906659282407407 0.3758806273148148 0.2774585763888889 0.36893964583333333 0.26582845370370367 0.36739033564814816 0.2716030671296296 0.3755062800925926 0.28477849074074074 0.38629649537037036 0.29213837268518517 0.4050287569444444 0.30621773148148146 0.423828449074074 0.32179290046296294 0.4303735138888889 0.3262250324074074 0.43155912962962967 0.33685667361111116 0.4276057453703704 0.35077667592592593 0.4250977291666667 0.37588021990740744 0.42955581249999997 0.38872824768518516 0.43784613657407406 0.40835972222222217 0.4468406481481481 0.44098315046296294 0.4478447222222222 0.45799090277777776 0.4550271597222222 0.47391864351851853
19 0.612095986111111 0.4341718287037037 0.6032682083333334 0.42083651388888893 0.5917939375 0.41134875694444445 0.582862 0.4113167175925926 0.5683102476851852 0.41693281944444444 0.5615650810185185 0.42627729166666667 0.5555031412037037 0.43774879166666664 0.5436576643518518 0.4538452083333333 0.5291633842592592 0.45552577083333334 0.5129061597222222 0.4494056828703704 0.5023468310185185 0.44456610185185186 0.4924433101851852 0.44382227314814815 0.47876466898148146 0.43235871296296297 0.47761296296296296 0.4124958634259259 0.47522726851851854 0.41779424074074073 0.47517795601851853 0.41691579629629627 0.4731707199074074 0.41265341203703704 0.4717745555555556 0.4154870625 0.4676571018518519 0.42838309722222223 0.4711323333333333 0.43508702546296296 0.4835683634259259 0.43985459027777773 0.4895081990740741 0.44908633101851847 0.5058150300925925 0.4641015625 0.515277261574074 0.4706696041666667 0.5236317361111111 0.47353327083333335 0.5319969999999999 0.4818291388888889 0.54553 0.48486887500000003 0.5636923194444444 0.4889484351851852 0.5800458356481482 0.4945959328703704 0.593019675925926 0.49306807175925926 0.6055590347222222 0.4845315138888889 0.6133342222222221 0.47196350694444444 0.6161905092592592 0.4597719675925926 0.6164866458333333 0.44552403935185186 0.612095986111111 0.4341718287037037
19 0.4077606273148148 0.29646602314814813 0.4171447731481482 0.29610541435185184 0.4326685902777778 0.29120121527777776 0.44993378472222223 0.28323326388888886 0.46222417592592596 0.27957700462962964 0.4749486990740741 0.28292870138888887 0.48725983101851855 0.29013599074074076 0.4933740439814815 0.305823787037037 0.49802445138888884 0.31772790046296295 0.4967877800925926 0.3475596759259259 0.49313331944444444 0.36549526851851855 0.48579274305555553 0.38507133796296295 0.4781246365740741 0.40259895138888885 0.4763886365740741 0.40612232870370374 0.47743384490740737 0.4094067083333333 0.47761296296296296 0.4124958634259259 0.4854152175925926 0.3951678657407407 0.4932768703703704 0.3732065208333333 0.49979413657407407 0.3519057314814815 0.5006854027777778 0.3344714398148148 0.4991432546296296 0.30879494907407407 0.49286999537037035 0.29327801388888886 0.4849909953703704 0.2844543333333333 0.4726174351851852 0.2775067037037037 0.45737481018518517 0.27632753703703705 0.4402950763888889 0.28178965046296295 0.4207837337962963 0.29087324305555556 0.40626063194444445 0.29210027546296297 0.39620849074074077 0.30106464351851847 0.39855050694444444 0.3032819398148148 0.4077606273148148 0.29646602314814813
19 0.46441953703703703 0.3866037476851852 0.4709425902777778 0.40089473842592593 0.4721383518518518 0.41046116898148144 0.4731707199074074 0.41265341203703704 0.4763886365740741 0.40612232870370374 0.47182928472222224 0.3917953958333333 0.46674480092592596 0.38231669444444444 0.4527817592592593 0.3689199837962963 0.44577909953703704 0.367667912037037 0.4356798518518519 0.351933287037037 0.42807113657407403 0.352468162037037 0.41833177546296296 0.3598998912037037 0.4169574074074074 0.36664511111111114 0.4214913564814815 0.3740757523148148 0.4223035 0.3700898541666667 0.42077688425925924 0.3633347083333333 0.42543344212962964 0.3582885925925926 0.43428006944444447 0.3564282199074074 0.4500631296296296 0.3763251319444445 0.46441953703703703 0.3866037476851852
19 0.500552099537037 0.43960871064814816 0.49454261342592587 0.42992224305555554 0.4862008726851852 0.4209946203703704 0.4788100277777778 0.41452516898148145 0.47387079861111114 0.4150186273148148 0.48782697685185183 0.42488650231481484 0.4978826134259259 0.439650125 0.5024234259259259 0.4506096018518519 0.5073945763888889 0.455894525462963 0.5138465694444444 0.4550991689814815 0.5065250972222222 0.45185175231481484 0.500552099537037 0.43960871064814816