1 0.7175925925925926 0.5648148148148148 0.7199074074074074 0.5671296296296297 0.7199074074074074 0.5787037037037037 0.7129629629629629 0.5972222222222222 0.7060185185185185 0.6018518518518519 0.7037037037037037 0.6018518518518519 0.7037037037037037 0.5972222222222222 0.7129629629629629 0.5787037037037037 0.7129629629629629 0.5694444444444444 0.7152777777777778 0.5671296296296297
9 0.7337962962962963 0.5625 0.7361111111111112 0.5625 0.7361111111111112 0.5671296296296297 0.7384259259259259 0.5694444444444444 0.7384259259259259 0.5879629629629629 0.7361111111111112 0.5879629629629629 0.7314814814814815 0.5949074074074074 0.7268518518518519 0.5949074074074074 0.7268518518518519 0.5902777777777778 0.7245370370370371 0.5879629629629629 0.7245370370370371 0.5833333333333334 0.7291666666666666 0.5787037037037037 0.7291666666666666 0.5717592592592593 0.7337962962962963 0.5648148148148148
8 0.6967592592592593 0.6180555555555556 0.7106481481481481 0.6180555555555556 0.7199074074074074 0.6319444444444444 0.7199074074074074 0.6435185185185185 0.7129629629629629 0.6504629629629629 0.7129629629629629 0.6550925925925926 0.7106481481481481 0.6574074074074074 0.7060185185185185 0.6550925925925926 0.7037037037037037 0.6527777777777778 0.7037037037037037 0.6481481481481481 0.7106481481481481 0.6412037037037037 0.7106481481481481 0.6365740740740741 0.7037037037037037 0.6296296296296297 0.7037037037037037 0.625 0.6990740740740741 0.6203703703703703
10 0.7569444444444444 0.5578703703703703 0.7685185185185185 0.5486111111111112 0.7731481481481481 0.5486111111111112 0.7800925925925926 0.5439814814814815 0.7847222222222222 0.5439814814814815 0.7824074074074074 0.5486111111111112 0.7708333333333334 0.5555555555555556 0.7638888888888888 0.5555555555555556 0.7546296296296297 0.5601851851851852
11 0.8773148148148148 0.4791666666666667 0.8865740740740741 0.4791666666666667 0.8958333333333334 0.4837962962962963 0.9004629629629629 0.49537037037037035 0.9004629629629629 0.5 0.8958333333333334 0.5046296296296297 0.8888888888888888 0.5023148148148148 0.8842592592592593 0.4976851851851852 0.8773148148148148 0.48148148148148145
12 0.8773148148148148 0.42592592592592593 0.8842592592592593 0.43287037037037035 0.8842592592592593 0.4375 0.8865740740740741 0.4398148148148148 0.8865740740740741 0.4513888888888889 0.8796296296296297 0.4583333333333333 0.8703703703703703 0.4583333333333333 0.8703703703703703 0.4513888888888889 0.8680555555555556 0.44907407407407407 0.8680555555555556 0.4305555555555556 0.875 0.42592592592592593
13 0.6972682800925926 0.6104978657407407 0.7000893171296296 0.6137555231481481 0.7076147106481481 0.6157444259259259 0.7118498865740741 0.6141095624999999 0.711852625 0.609174550925926 0.7033864490740741 0.6060994236111111 0.6972682800925926 0.6104978657407407
24 0.6902086134259259 0.6162778518518519 0.6958620347222222 0.6023481898148149 0.6855079074074074 0.6097913634259259 0.6455224351851853 0.6089401203703704 0.6375294884259259 0.6012971087962963 0.632353013888889 0.603961050925926 0.6403453726851852 0.6126619513888889 0.657280261574074 0.6142291712962963 0.6817423101851852 0.614613099537037 0.6902086134259259 0.6162778518518519
25 0.7161321666666667 0.5264646921296297 0.7109573217592592 0.527366324074074 0.7085989444444444 0.5385754050925926 0.7294282453703703 0.5592952916666667 0.7339878055555557 0.5640151712962963 0.7354013611111112 0.5601800462962964 0.7410461041666666 0.5607024467592593 0.7448117708333334 0.5569381296296296 0.7335231921296297 0.5530735833333333 0.7128320949074074 0.5394077800925926 0.7161321666666667 0.5264646921296297
26 0.8227796180555556 0.4736267893518519 0.823722875 0.46907256481481485 0.8180810671296297 0.4632626875 0.8143146157407407 0.4684368680555555 0.8157242546296296 0.4716515509259259 0.8199551226851852 0.47777191203703706 0.8293627268518519 0.47840758796296295 0.856180412037037 0.4725169606481482 0.8699878634259259 0.47786771064814815 0.8726448148148148 0.4737175439814815 0.8594762407407408 0.46838602546296293 0.867476037037037 0.4636922453703704 0.8632432129629629 0.46109703009259256 0.8500671990740741 0.4691606828703704 0.8326593402777779 0.4728667893518519 0.8227796180555556 0.4736267893518519
19 0.5239561736111111 0.45652325694444446 0.513616201388889 0.4396443425925926 0.503751224537037 0.41502437268518516 0.5032858217592593 0.40549264583333333 0.4981098032407407 0.40850956250000003 0.5140829699074074 0.4467083171296296 0.5328863773148148 0.47159737037037036 0.5446413703703704 0.4819881435185185 0.5446430439814814 0.4789748703703704 0.5399421273148148 0.4728671875 0.5239561736111111 0.45652325694444446
19 0.57099825 0.4582918703703704 0.5785309490740741 0.448295974537037 0.5855960972222223 0.4326459629629629 0.5997143912037037 0.4217909050925926 0.6095976388888888 0.41468602777777774 0.624182113425926 0.4119523402777778 0.6567479953703703 0.42104003935185186 0.6835574583333334 0.42995493055555556 0.697199650462963 0.4300131412037037 0.7178993611111111 0.4281684907407407 0.7352989976851851 0.4392679027777778 0.7526980486111111 0.451424224537037 0.7705726759259259 0.4547820925925926 0.796914587962963 0.4580428726851852 0.8129042638888889 0.4676894675925926 0.8199631481481482 0.4633193449074074 0.8039715138888889 0.45719790046296294 0.7884508287037036 0.4517955763888889 0.7686926180555557 0.45225819212962964 0.7483572037037036 0.44494856944444444 0.7380139074074074 0.43406206712962964 0.723434650462963 0.42622028935185186 0.7074405393518518 0.42573880787037033 0.6890927499999999 0.4280067314814815 0.6679272500000001 0.4210241041666667 0.6354724537037036 0.41264469444444446 0.6208908518518519 0.4090329976851852 0.6100704768518519 0.41082258564814816 0.5954816296296296 0.4202535925925926 0.5808908912037037 0.4342666782407407 0.5724151273148148 0.44846433333333335 0.5648822291666666 0.45881269907407407 0.5521801643518519 0.45984069212962964 0.5446475300925926 0.47089400694444444 0.5446430439814814 0.4789748703703704 0.5460527939814814 0.4808064976851852 0.5477521990740741 0.4820519513888889 0.5469980740740741 0.47378454166666667 0.5535898032407407 0.463055375 0.5639399513888889 0.4616045949074074 0.57099825 0.4582918703703704
19 0.5653143541666666 0.5282694907407408 0.5761261828703704 0.543047775462963 0.5860023194444444 0.5475747453703703 0.5987020347222222 0.5507773194444444 0.6123437060185185 0.5529503449074075 0.6241071458333333 0.5469594861111111 0.6429277731481482 0.5408286041666667 0.6603352430555555 0.5378274282407408 0.6716251898148149 0.5392247129629629 0.6833859537037037 0.5392262847222222 0.6965584421296297 0.5375079953703703 0.7120821296296297 0.538680261574074 0.7243113611111112 0.5415161967592593 0.7407738078703703 0.5462414398148149 0.7506537268518519 0.5451289768518519 0.7685327916666667 0.5393222199074074 0.7788853541666667 0.5346987777777777 0.7803068657407407 0.5153536689814815 0.7798421203703704 0.5058219629629629 0.7694978425925926 0.49669827777777775 0.7535093425925926 0.484936400462963 0.738459863425926 0.47743343055555554 0.7168235486111111 0.47184700462962964 0.6942446944444444 0.46834703240740744 0.6758976851851851 0.4692050925925926 0.6561369305555554 0.4742502592592593 0.6340203402777779 0.4859219537037037 0.6104917685185185 0.49860904861111116 0.5902589583333333 0.5061073078703704 0.582732 0.5069386203703703 0.5686244074074074 0.4973486851851852 0.5477521990740741 0.4820519513888889 0.5480186898148148 0.4849735115740741 0.5446413703703704 0.4819881435185185 0.544639113425926 0.4860515069444445 0.5502748541666667 0.5027888032407408 0.5592065601851852 0.5139852847222222 0.5653143541666666 0.5282694907407408
18 0.6934521898148148 0.40099470833333334 0.6892262824074074 0.3871201157407408 0.6901758032407408 0.37128600231481484 0.7028827638888889 0.3614458703703704 0.7188813773148148 0.35381966435185186 0.7377020046296296 0.3476887800925926 0.7452317685185186 0.34298036111111113 0.7508806273148148 0.3361 0.7523000486111111 0.32169040972222224 0.7452507546296296 0.30878775 0.7193831805555555 0.2977863773148148 0.6873980277777777 0.29012605324074076 0.664347962962963 0.2887272152777778 0.6422358796296296 0.2922912199074074 0.6238875 0.2956165416666667 0.5814327569444445 0.304913625 0.5517917546296297 0.3128340949074074 0.5348541226851852 0.31620188657407405 0.5183846296296296 0.3241659027777778 0.5113239837962963 0.3317087106481481 0.5094384444444444 0.3390543425925926 0.5160194027777778 0.3477127569444444 0.524010587962963 0.3585284513888889 0.5352927083333333 0.37402583796296296 0.5381083935185186 0.38574314583333336 0.528225599537037 0.39320099305555556 0.5188144074074074 0.39785277314814815 0.5014087013888889 0.3976812708333333 0.484947037037037 0.3915456736111111 0.46378212500000005 0.38350564814814814 0.4505063796296296 0.370416037037037 0.4486227962962963 0.3742370092592593 0.4631994398148148 0.3856034236111111 0.4787205856481481 0.3913582361111111 0.49565253935185183 0.39821293055555557 0.5083532337962963 0.3996526875 0.5191718495370371 0.4010357824074074 0.5285824583333333 0.3974418888888889 0.536112025462963 0.39308593287037036 0.544584462962963 0.38488068518518515 0.5398853240740741 0.3755739791666667 0.5318944675925926 0.3629959328703704 0.5229639375 0.34968417129629625 0.5163827847222222 0.34137871296296296 0.5149747129629629 0.3353438148148148 0.5201533425925926 0.3288017708333333 0.5276840208333333 0.3212736064814815 0.5408579467592592 0.3181449837962963 0.5610889282407407 0.31276149999999997 0.586025375 0.30646225925925924 0.6261266365740741 0.2995616296296297 0.6482398958333333 0.293882337962963 0.6708212291666668 0.2917418611111111 0.6938713564814815 0.29419860185185187 0.7230335185185185 0.30212641898148146 0.7413750439814815 0.3111388680555556 0.7474863634259259 0.3190777083333333 0.7460669421296297 0.333487787037037 0.7390055115740741 0.34244045370370374 0.723477125 0.3497278611111111 0.7070099814814815 0.3534622893518518 0.6924202222222222 0.36571304398148147 0.6853574236111112 0.377133462962963 0.6886377268518518 0.3997923611111111 0.6952173148148149 0.4109180347222222 0.7032107152777778 0.41891402083333334 0.7111991597222223 0.43466472916666665 0.7210707916666667 0.44729939351851855 0.7252969652777778 0.46187942592592596 0.7271643009259259 0.48731605092592595 0.7210353657407408 0.5111020717592593 0.7116182986111111 0.5263288055555555 0.717442125 0.5272090694444445 0.7277321087962962 0.512008613425926 0.7319807268518518 0.4849932523148148 0.7333983865740741 0.4737558564814815 0.7305822453703704 0.46168605787037037 0.724944349537037 0.4488258888888889 0.7136650324074074 0.4294513935185185 0.7056756111111111 0.4154630162037037 0.6934521898148148 0.40099470833333334
19 0.6165106805555555 0.5731686319444445 0.6014639375 0.5607306504629629 0.5878240300925925 0.5553849421296296 0.5784211203703704 0.5462891111111111 0.5690181481481482 0.5361358564814815 0.5605541273148148 0.5291836064814814 0.5502088726851851 0.52182225 0.5323373773148149 0.5128239513888889 0.5196419675925926 0.5018666388888889 0.5060040787037037 0.49405369212962963 0.49895047685185184 0.48890625925925923 0.48577948842592594 0.48674691666666664 0.47025540972222224 0.48627958101851854 0.4537891134259259 0.4896615625 0.4377900439814815 0.496935287037037 0.42508406249999997 0.505012599537037 0.4184913587962963 0.5175045856481482 0.4151908981481482 0.5311526064814814 0.414243462962963 0.5420516875 0.42129373611111115 0.5531920185185185 0.43257585416666666 0.5686894050925926 0.4457432523148148 0.5761357175925925 0.45655860416666666 0.5845691319444444 0.4626695347222223 0.5932129050925925 0.47771960185185186 0.5996584768518518 0.4908901990740741 0.6025227523148148 0.5031209953703704 0.6025384722222222 0.5162945277777777 0.6001147824074075 0.5369938449074074 0.5989755509259259 0.5501652222222222 0.6004294745370371 0.5619273564814815 0.597963787037037 0.5751004328703704 0.5951876087962963 0.5902936666666667 0.5938826226851852 0.6072297314814814 0.5933345601851853 0.6166396875000001 0.5897406435185185 0.6215469537037037 0.5865572800925926 0.6189832453703703 0.5829096157407407 0.623440076388889 0.5798096273148148 0.6165106805555555 0.5731686319444445
19 0.6684006689814815 0.5652134884259259 0.6787516018518518 0.5623523541666666 0.6994558125 0.5524005 0.7159264768518518 0.5423211967592593 0.730986138888889 0.5314944722222222 0.7432244398148149 0.5191724398148149 0.7531076203703704 0.511009662037037 0.7573476898148148 0.5005621736111111 0.7615865162037038 0.4911725532407407 0.7747610277777777 0.48698653472222225 0.7869961296296296 0.4792470277777778 0.7921753472222222 0.4716480694444445 0.7954736550925925 0.4618771759259259 0.8011246666666666 0.4511191990740741 0.8030132083333333 0.43954350694444444 0.8030167314814816 0.4331986319444444 0.7936127800925925 0.4248077083333333 0.7832685023148147 0.41568402546296296 0.7686890509259259 0.4081947152777778 0.7526984652777777 0.4013683587962963 0.7399995277777778 0.39675592129629633 0.7268299143518518 0.3921293171296296 0.7164828958333332 0.38794064351851854 0.6995483935185185 0.38566800462962963 0.6901391597222222 0.386795125 0.688726650462963 0.389924849537037 0.7080145694444445 0.3887431296296296 0.7221241180555557 0.3948079189814815 0.736704287037037 0.39982945601851855 0.7630441111111111 0.4080247800925926 0.7785630995370371 0.41765720601851847 0.788437474537037 0.42535734259259256 0.7987815555555555 0.43483349537037036 0.7978347731481482 0.4457325972222222 0.7926534027777777 0.45720965277777775 0.7865296203703704 0.47288800000000003 0.7766453935185185 0.48175569444444444 0.7634704930555556 0.48664664583333334 0.7549992939814815 0.49379402777777776 0.7525316574074075 0.5021800416666666 0.7464095717592593 0.5136282893518518 0.7327622893518518 0.5227351712962963 0.7167593055555556 0.5370587013888889 0.7021707222222223 0.547194662037037 0.6819361481481481 0.5578655995370371 0.6626462731481482 0.5625724675925926 0.6532337083333333 0.5696915092592593 0.637236462962963 0.5748504583333334 0.6245319861111112 0.5790501412037037 0.623440076388889 0.5798096273148148 0.6263840763888888 0.5826311018518519 0.626708638888889 0.5832088726851852 0.631699412037037 0.5799713402777777 0.6476964606481481 0.5751653449074074 0.6556946921296296 0.5732908032407408 0.6684006689814815 0.5652134884259259