4 0.5986923828124999 0.6918111984374999 0.5899526359375 0.694220703125 0.58452734375 0.6970319015625 0.581513671875 0.7078743484375 0.5803081046874999 0.7191184890625 0.5721708984375 0.722732421875 0.5712666015625001 0.7291575515625001 0.577595703125 0.7243391921875 0.5836235359375 0.7263470046875 0.58452734375 0.7183151046875 0.58663720625 0.704259765625 0.594171875 0.6990397140625 0.5986923828124999 0.6918111984374999
4 0.48718164062499997 0.5335891921875 0.49200390625 0.54162109375 0.4983325203125 0.5448339843750001 0.498935546875 0.5392115890625 0.4926064453125 0.5335891921875 0.4904965828125 0.5255579421875 0.4907983390625 0.5050774734375 0.4904965828125 0.486203125 0.492305175 0.4797779953125 0.49863427656250003 0.4725494796875 0.49622314375 0.4681321609375 0.48989404375 0.47576237031249996 0.4895927734375 0.47054166718749996 0.48657910156249995 0.4717467453125 0.4868803703125 0.47576237031249996 0.4826611328125 0.47054166718749996 0.4791948234375 0.4721627609375 0.48657910156249995 0.48058137968750003 0.48597607500000006 0.49744726562499997 0.48597607500000006 0.5231484375 0.48718164062499997 0.5335891921875
4 0.38682177812499996 0.45076953125 0.3898359375 0.4463522140625 0.3898359375 0.43872265625000006 0.3874248046875 0.4326985671875 0.38230126875 0.429486328125 0.3741640625 0.4322975265625 0.356382325 0.4331002609375 0.3482451171875 0.4343053390625 0.3373955078125 0.4230611984375 0.33709423906249997 0.427478515625 0.343724609375 0.4343053390625 0.33920361250000003 0.4343053390625 0.33920361250000003 0.4391243484375 0.343423340625 0.43872265625000006 0.3361899421875 0.44675390625 0.33890234375 0.45478580781250005 0.34794384843750004 0.43992708281250004 0.385314940625 0.435509765625 0.387123534375 0.44153385468749995 0.38682177812499996 0.45076953125
2 0.41334326250000003 0.417037109375 0.41846679687500005 0.41342317656249994 0.42245292812499996 0.4122279890625 0.42101600625 0.40810417968749996 0.4236963625 0.40730242499999997 0.418768065625 0.39655664062499996 0.41394628906250003 0.3853125 0.4076171875 0.386517578125 0.40369921875000003 0.390533203125 0.40219238281249997 0.4005729171875 0.4030966796875 0.40980859374999995 0.4064116203125 0.4126197921875 0.41334326250000003 0.417037109375
2 0.42027539062499997 0.4583997390625 0.410630859375 0.47084895781249997 0.41032958906249994 0.47767578125 0.411836425 0.49012434843749997 0.412439453125 0.500966796875 0.40972705 0.5122109375 0.4082197265625 0.5194394531250001 0.41032958906249994 0.5551803390625001 0.4112338859375 0.5507623703125 0.41304199218750004 0.5330930984375 0.40972705 0.5230540359375 0.4127407234375 0.510203125 0.416357421875 0.4997623703125 0.41575439375 0.49534505156249997 0.41304199218750004 0.48249414062499996 0.4127407234375 0.47406119843749994 0.42027539062499997 0.46281705781250004 0.4296181640625 0.45117122343749994 0.4308232421875 0.44514778593750004 0.428412596875 0.4238639328125 0.4254710078125 0.4113230578125 0.42245292812499996 0.4122279890625 0.4232890625 0.41462760468750004 0.426302734375 0.429486328125 0.42720703125000004 0.44073046875 0.426001465625 0.4515729171875 0.42027539062499997 0.4583997390625
2 0.48085253906250003 0.4061946609375 0.4932094734375 0.4102102859375 0.506470215625 0.4174388015625 0.5179223625 0.42788020781249997 0.5296762703125 0.4383209640625 0.5372109375 0.4515729171875 0.5402246093749999 0.4668326828125 0.546252440625 0.49012434843749997 0.5513754890625 0.5081953125 0.5561977546875 0.5254635421875 0.5634311515625 0.5451406249999999 0.5688559578125 0.5599986984374999 0.572773925 0.580078125 0.5763901359375 0.5997552078124999 0.58241796875 0.616314453125 0.5878427734375 0.6231412765625 0.593568846875 0.6392044265625 0.599295409375 0.6560709640625 0.5995966796875 0.6693229171875 0.5956787109375 0.6873938796875 0.5995966796875 0.692236328125 0.6038159171874999 0.6653307296875 0.6020078125 0.6504720046875 0.596884278125 0.6352122390625 0.5875415046875 0.6147317703125 0.5803081046874999 0.6018815109375 0.5757875968749999 0.58461328125 0.5724721671874999 0.5601171875000001 0.569458496875 0.5508808593750001 0.5613212890625 0.5279908859375 0.554087890625 0.5115266921875 0.5504716796875 0.4990774734375 0.5435400390625 0.4656282546875 0.5387177734375 0.44795898437500004 0.5302792968750001 0.4351080734375 0.5188266593749999 0.424265625 0.5052646484375 0.4138248703125 0.4935107421875 0.40659635468750005 0.4805512703125 0.40217903593750004 0.47271533125 0.40258072968749997 0.45704345625 0.4033834640625 0.4473994140625 0.4053912765625 0.4314262703125 0.40499023437500004 0.4236963625 0.40730242499999997 0.4253984375 0.411013671875 0.4254710078125 0.4113230578125 0.4305219734375 0.40980859374999995 0.44438574218750004 0.409005859375 0.4531254890625 0.409005859375 0.46066015625 0.40579296875 0.48085253906250003 0.4061946609375
2 0.50194921875 0.5452825515625 0.5083660171875 0.5470242453124999 0.5167514046874999 0.546279575 0.5137031249999999 0.5452350265625 0.49983984374999996 0.540416015625 0.4968256828125 0.544078125 0.50194921875 0.5452825515625
2 0.4208779296875 0.6440944015625 0.4151518546875 0.66296875 0.411836425 0.6798346359375 0.41304199218750004 0.7312369796875 0.4166586921875 0.7513157546875 0.4208779296875 0.7701901046875 0.4250971671875 0.77741796875 0.48085253906250003 0.77741796875 0.491400878125 0.7693867187500001 0.4992368171875 0.7589453125000001 0.502853515625 0.7508430984375 0.5088808593749999 0.739197265625 0.5194291984375 0.714701171875 0.5263613281249999 0.7050631515625 0.5320874015625 0.6938190109375 0.5354023437500001 0.6769524734375 0.53595745625 0.674068134375 0.533899578125 0.6736111250000001 0.5320874015625 0.6838268234375 0.5263613281249999 0.6982838546875 0.5191279296875 0.7103307296875 0.5082783203125001 0.7320162765625 0.5034560546875 0.7448665359375 0.49411328125000004 0.7581184890625 0.48657910156249995 0.76936328125 0.47633203125 0.7745833328125 0.44649511718749996 0.774181640625 0.42901513593749996 0.7749850265625 0.42389160156249994 0.7697643234375 0.4199736328125 0.7553079421875 0.4166586921875 0.741654296875 0.415453125 0.72840234375 0.4148500984375 0.7119375 0.4148500984375 0.6878424484375001 0.4151518546875 0.672984375 0.422083496875 0.64848828125 0.4296181640625 0.6312200515625 0.4374541015625 0.616763671875 0.4483037109375 0.6007005203125 0.45794775468750004 0.5830305984375 0.465482421875 0.573794921875 0.4790444328125 0.5637552078125 0.49019531250000004 0.5557233078125 0.50164795 0.552109375 0.5131005859375 0.5484954421875 0.5190554640625 0.5503998718750001 0.5182236328125 0.5496998703125 0.5083660171875 0.5470242453124999 0.50616845625 0.5472194015625 0.49772998125 0.5488255203125 0.4790444328125 0.558865234375 0.457345215625 0.5762278640625 0.4314262703125 0.6224095046875 0.4208779296875 0.6440944015625
2 0.594171875 0.666984375 0.6038159171874999 0.6693938796875 0.6053227546875 0.6665826828125 0.5905551765625 0.6649765624999999 0.5619238281250001 0.6701972656249999 0.54715625 0.6726061203125 0.5368153078125 0.6696107718750001 0.53595745625 0.674068134375 0.542032715625 0.6754173171875 0.55680078125 0.674212890625 0.567650390625 0.671 0.5748833015625 0.6718033859375 0.585732909375 0.671 0.594171875 0.666984375
2 0.5429370109375 0.5894088546875 0.538114746875 0.5725423171874999 0.5320874015625 0.5596920578125 0.5301862515625 0.55706146875 0.5317930046875 0.5652957437499999 0.5335942375 0.5677708328125 0.5372109375 0.57861328125 0.5432382812500001 0.6051178390625 0.5447451171875 0.6235904953125 0.538114746875 0.64848828125 0.5360053703125 0.6617402343750001 0.5347170218749999 0.6690029843749999 0.5368153078125 0.6696107718750001 0.538416503125 0.661291015625 0.541430175 0.6468346359375 0.54685498125 0.6351888015625 0.548060546875 0.6211334640625 0.546252440625 0.6054720046875001 0.5429370109375 0.5894088546875
2 0.5335942375 0.5745266921875001 0.5317930046875 0.5652957437499999 0.5262313390625 0.5576534171875001 0.5299775390625 0.5669915359375 0.5326899421875 0.5886764328125 0.531484375 0.6175904953125 0.529375 0.6304407546874999 0.528771971875 0.6501178390625 0.529375 0.6653782546875 0.5329917 0.6734095046874999 0.533899578125 0.6736111250000001 0.5347170218749999 0.6690029843749999 0.53329296875 0.6685904953125 0.5317861328125 0.6593541671875001 0.5317861328125 0.6400787765625 0.5335942375 0.62351953125 0.5344985359375001 0.5970149734375 0.5335942375 0.5745266921875001
2 0.424494628125 0.626330078125 0.426302734375 0.6066529953125 0.42720703125000004 0.5950071609375 0.43504296875000004 0.5954088546875 0.4359467765625 0.5913932296875 0.426604003125 0.5901881515625 0.42148046875 0.5761328125 0.415453125 0.5632825515625 0.4073159171875 0.5524401046875 0.4018911125 0.538384765625 0.39767138750000003 0.5239277343750001 0.39526074218749996 0.5066601562499999 0.3943564453125 0.49140039062499996 0.3913427734375 0.4721243484375 0.3895341796875 0.44602213593749995 0.3856162109375 0.4520455734375 0.387726075 0.4688880203125 0.390739746875 0.48615624999999996 0.3916440421875 0.5010143234375 0.39375390625 0.51868359375 0.396767578125 0.5308255203125001 0.39978125000000003 0.540865234375 0.4030966796875 0.5529127609375 0.4127407234375 0.56455859375 0.42148046875 0.583833984375 0.42359033281249997 0.594275390625 0.4232890625 0.6039127609375 0.42178222656250003 0.6191731765624999 0.4190698234375 0.6332278640625 0.412439453125 0.64848828125 0.40611035156249997 0.6641497390625 0.4024936515625 0.681015625 0.40430224687500005 0.6942682296875 0.41002832031249997 0.7183626296875001 0.41999359218750004 0.765154009375 0.4232793984375 0.766703815625 0.4208779296875 0.7609537765625001 0.4175625 0.7452916671875001 0.41394628906250003 0.7228033859375 0.411836425 0.706740234375 0.40611035156249997 0.6790319015625 0.4088227546875 0.669298828125 0.4151518546875 0.6516295578125 0.420576659375 0.6383776046875 0.424494628125 0.626330078125
2 0.492907715625 0.7757884109375001 0.5052646484375 0.7617330734375 0.5140043953125 0.7557096359375 0.5215390625 0.751693359375 0.530580565625 0.7380397140625 0.546252440625 0.7219765625 0.5525810546875001 0.7143470046875 0.55710205 0.708724609375 0.5616225578125 0.7063151046875 0.5685541984375 0.700693359375 0.5712666015625001 0.6878424484375001 0.5721708984375 0.6753938796875001 0.572773925 0.6601341140625 0.5721708984375 0.65049609375 0.5724721671874999 0.637244140625 0.571568359375 0.6264010421874999 0.5664448234374999 0.6163619796875001 0.5613212890625 0.6111412765625001 0.55107421875 0.60752734375 0.5429370109375 0.60752734375 0.5326899421875 0.6099368484375 0.5290737296875 0.6163619796875001 0.52756640625 0.6332278640625 0.5260595703125001 0.6609368484375 0.5272651359375 0.6778033859375 0.5200322265625 0.700693359375 0.514607421875 0.7147486984375 0.5052646484375 0.7356302078125 0.49592187499999996 0.7512923171875 0.4829624015625 0.764142578125 0.45794775468750004 0.7717721359375 0.4387615171875 0.7740062140624999 0.44428646718750003 0.7766121484374999 0.4381718015625 0.7775937609375 0.45191992187499996 0.78141015625 0.46518066406249997 0.7862291671875 0.47392089843749996 0.7870325515625 0.481153809375 0.7838196609375 0.492907715625 0.7757884109375001
0 0.334375 0.4546875 0.3359375 0.459375 0.33125 0.484375 0.3265625 0.49375 0.3140625 0.5015625 0.30625 0.4984375 0.303125 0.4921875 0.3046875 0.4734375 0.3140625 0.4609375 0.3328125 0.4546875
0 0.4546875 0.4453125 0.465625 0.4484375 0.4734375 0.45625 0.478125 0.46875 0.4515625 0.4671875 0.4421875 0.4640625 0.4390625 0.4578125 0.440625 0.45 0.453125 0.4453125
0 0.490625 0.446875 0.4953125 0.45625 0.4875 0.4703125 0.484375 0.4640625 0.484375 0.45 0.4890625 0.446875
0 0.525 0.459375 0.5375 0.471875 0.5359375 0.4828125 0.528125 0.4828125 0.51875 0.4734375 0.5078125 0.4671875 0.50625 0.4640625 0.5078125 0.4609375 0.5140625 0.4578125 0.5234375 0.459375
0 0.58125 0.728125 0.6 0.74375 0.6046875 0.753125 0.6046875 0.7640625 0.5984375 0.76875 0.590625 0.76875 0.58125 0.7640625 0.575 0.7578125 0.5734375 0.753125 0.575 0.740625 0.58125 0.7296875
0 0.534375 0.7296875 0.5390625 0.7265625 0.571875 0.7265625 0.5609375 0.7375 0.55 0.740625 0.5359375 0.7390625 0.5328125 0.734375 0.534375 0.73125
0 0.321875 0.36875 0.325 0.3703125 0.3328125 0.390625 0.334375 0.421875 0.3296875 0.4203125 0.3203125 0.4078125 0.31875 0.3953125 0.3203125 0.3703125